254.000000
255.000000
255.000000
255.000000
255.000000
255.000000
255.000000
255.000000
255.000000
255.000000
255.000000
255.000000
255.000000
255.000000
255.000000
255.000000
254.000000
255.000000
255.000000
255.000000
255.000000
255.000000
255.000000
255.000000
255.000000
255.000000
255.000000
255.000000
255.000000
255.000000
255.000000
254.000000
255.000000
183.000000
89.000000
87.000000
88.000000
89.000000
88.000000
89.000000
89.000000
89.000000
89.000000
89.000000
88.000000
86.000000
93.000000
232.000000
244.000000
19.000000
0.000000
0.000000
0.000000
0.000000
0.000000
0.000000
0.000000
0.000000
0.000000
0.000000
0.000000
0.000000
0.000000
210.000000
230.000000
12.000000
0.000000
2.000000
0.000000
0.000000
0.000000
0.000000
0.000000
0.000000
0.000000
0.000000
0.000000
0.000000
0.000000
210.000000
228.000000
15.000000
0.000000
0.000000
59.000000
131.000000
118.000000
117.000000
118.000000
118.000000
118.000000
117.000000
117.000000
109.000000
122.000000
238.000000
229.000000
16.000000
0.000000
0.000000
130.000000
255.000000
255.000000
255.000000
255.000000
255.000000
255.000000
255.000000
255.000000
255.000000
255.000000
255.000000
229.000000
16.000000
0.000000
0.000000
116.000000
255.000000
255.000000
255.000000
255.000000
255.000000
255.000000
255.000000
255.000000
255.000000
254.000000
254.000000
229.000000
16.000000
0.000000
0.000000
117.000000
255.000000
255.000000
255.000000
255.000000
255.000000
255.000000
254.000000
254.000000
255.000000
255.000000
255.000000
229.000000
16.000000
0.000000
0.000000
117.000000
255.000000
255.000000
255.000000
255.000000
255.000000
255.000000
255.000000
255.000000
255.000000
254.000000
255.000000
229.000000
16.000000
0.000000
0.000000
127.000000
255.000000
255.000000
255.000000
255.000000
255.000000
255.000000
255.000000
255.000000
255.000000
255.000000
255.000000
229.000000
15.000000
0.000000
0.000000
110.000000
243.000000
233.000000
232.000000
232.000000
232.000000
232.000000
232.000000
231.000000
230.000000
225.000000
249.000000
228.000000
14.000000
0.000000
2.000000
6.000000
19.000000
15.000000
14.000000
14.000000
14.000000
14.000000
14.000000
13.000000
12.000000
4.000000
137.000000
240.000000
9.000000
0.000000
0.000000
0.000000
0.000000
0.000000
0.000000
0.000000
0.000000
0.000000
0.000000
0.000000
0.000000
0.000000
105.000000
254.000000
95.000000
0.000000
0.000000
0.000000
0.000000
0.000000
0.000000
0.000000
0.000000
0.000000
0.000000
0.000000
0.000000
0.000000
107.000000
255.000000
253.000000
196.000000
190.000000
194.000000
194.000000
195.000000
195.000000
195.000000
195.000000
195.000000
195.000000
195.000000
194.000000
185.000000
223.000000
