255.000000
255.000000
255.000000
255.000000
255.000000
254.000000
255.000000
255.000000
255.000000
255.000000
255.000000
255.000000
255.000000
255.000000
255.000000
255.000000
240.000000
162.000000
154.000000
158.000000
230.000000
255.000000
255.000000
255.000000
255.000000
255.000000
255.000000
255.000000
255.000000
255.000000
255.000000
255.000000
194.000000
0.000000
0.000000
0.000000
169.000000
255.000000
255.000000
255.000000
255.000000
255.000000
255.000000
255.000000
255.000000
255.000000
255.000000
255.000000
194.000000
0.000000
0.000000
0.000000
174.000000
255.000000
255.000000
255.000000
255.000000
255.000000
255.000000
255.000000
255.000000
255.000000
255.000000
255.000000
197.000000
0.000000
0.000000
0.000000
177.000000
255.000000
255.000000
255.000000
255.000000
255.000000
255.000000
255.000000
255.000000
255.000000
255.000000
255.000000
196.000000
0.000000
0.000000
0.000000
178.000000
255.000000
255.000000
255.000000
255.000000
255.000000
255.000000
253.000000
254.000000
254.000000
254.000000
255.000000
196.000000
0.000000
0.000000
0.000000
177.000000
255.000000
255.000000
255.000000
255.000000
255.000000
255.000000
254.000000
254.000000
254.000000
254.000000
254.000000
196.000000
0.000000
0.000000
0.000000
177.000000
255.000000
255.000000
255.000000
255.000000
255.000000
255.000000
254.000000
253.000000
254.000000
254.000000
254.000000
196.000000
0.000000
0.000000
0.000000
177.000000
255.000000
255.000000
255.000000
255.000000
255.000000
255.000000
253.000000
252.000000
252.000000
254.000000
255.000000
196.000000
0.000000
0.000000
0.000000
181.000000
255.000000
255.000000
255.000000
255.000000
255.000000
255.000000
255.000000
255.000000
255.000000
255.000000
253.000000
196.000000
0.000000
0.000000
0.000000
190.000000
255.000000
255.000000
255.000000
255.000000
255.000000
255.000000
255.000000
255.000000
255.000000
255.000000
252.000000
194.000000
0.000000
0.000000
2.000000
59.000000
90.000000
81.000000
81.000000
81.000000
81.000000
81.000000
81.000000
81.000000
74.000000
88.000000
237.000000
196.000000
1.000000
0.000000
2.000000
0.000000
0.000000
0.000000
0.000000
0.000000
0.000000
0.000000
0.000000
0.000000
0.000000
0.000000
213.000000
223.000000
2.000000
0.000000
0.000000
0.000000
0.000000
0.000000
0.000000
0.000000
0.000000
0.000000
0.000000
0.000000
0.000000
0.000000
217.000000
255.000000
173.000000
94.000000
98.000000
101.000000
100.000000
100.000000
100.000000
100.000000
100.000000
100.000000
100.000000
100.000000
94.000000
109.000000
240.000000
255.000000
255.000000
255.000000
255.000000
255.000000
255.000000
255.000000
255.000000
255.000000
255.000000
255.000000
255.000000
255.000000
255.000000
255.000000
253.000000
