182.000000
132.000000
152.000000
142.000000
171.000000
253.000000
252.000000
248.000000
249.000000
250.000000
250.000000
249.000000
251.000000
251.000000
252.000000
252.000000
122.000000
50.000000
73.000000
48.000000
97.000000
255.000000
254.000000
249.000000
250.000000
250.000000
249.000000
249.000000
250.000000
250.000000
251.000000
250.000000
139.000000
80.000000
99.000000
77.000000
123.000000
255.000000
254.000000
248.000000
249.000000
249.000000
249.000000
249.000000
249.000000
250.000000
251.000000
251.000000
134.000000
76.000000
97.000000
73.000000
120.000000
255.000000
255.000000
250.000000
249.000000
249.000000
249.000000
249.000000
249.000000
250.000000
251.000000
251.000000
130.000000
78.000000
97.000000
71.000000
120.000000
255.000000
254.000000
250.000000
250.000000
250.000000
250.000000
250.000000
250.000000
250.000000
251.000000
252.000000
125.000000
78.000000
96.000000
71.000000
121.000000
255.000000
254.000000
250.000000
250.000000
250.000000
250.000000
250.000000
250.000000
250.000000
251.000000
252.000000
121.000000
78.000000
95.000000
71.000000
121.000000
255.000000
254.000000
250.000000
250.000000
250.000000
250.000000
250.000000
250.000000
250.000000
251.000000
251.000000
118.000000
82.000000
96.000000
71.000000
124.000000
255.000000
254.000000
250.000000
250.000000
250.000000
250.000000
250.000000
250.000000
250.000000
251.000000
251.000000
116.000000
83.000000
97.000000
70.000000
122.000000
255.000000
254.000000
250.000000
250.000000
250.000000
250.000000
250.000000
250.000000
250.000000
251.000000
252.000000
112.000000
84.000000
94.000000
70.000000
125.000000
255.000000
254.000000
250.000000
250.000000
250.000000
250.000000
250.000000
250.000000
250.000000
251.000000
253.000000
107.000000
84.000000
94.000000
66.000000
132.000000
255.000000
255.000000
255.000000
255.000000
255.000000
255.000000
255.000000
255.000000
255.000000
255.000000
253.000000
104.000000
85.000000
93.000000
74.000000
123.000000
222.000000
227.000000
232.000000
237.000000
244.000000
248.000000
251.000000
253.000000
255.000000
255.000000
254.000000
103.000000
85.000000
92.000000
96.000000
96.000000
83.000000
88.000000
93.000000
93.000000
99.000000
104.000000
109.000000
111.000000
107.000000
103.000000
227.000000
98.000000
85.000000
91.000000
92.000000
96.000000
91.000000
88.000000
88.000000
84.000000
82.000000
83.000000
85.000000
84.000000
79.000000
70.000000
219.000000
68.000000
64.000000
66.000000
63.000000
68.000000
70.000000
68.000000
68.000000
69.000000
69.000000
68.000000
71.000000
74.000000
65.000000
55.000000
213.000000
206.000000
197.000000
197.000000
194.000000
192.000000
190.000000
187.000000
178.000000
173.000000
170.000000
166.000000
162.000000
160.000000
151.000000
142.000000
231.000000
