255.000000
254.000000
254.000000
255.000000
255.000000
253.000000
249.000000
253.000000
255.000000
255.000000
255.000000
255.000000
255.000000
255.000000
255.000000
255.000000
254.000000
253.000000
253.000000
253.000000
253.000000
252.000000
251.000000
253.000000
255.000000
255.000000
255.000000
255.000000
255.000000
255.000000
254.000000
254.000000
255.000000
255.000000
255.000000
253.000000
255.000000
255.000000
255.000000
252.000000
254.000000
255.000000
255.000000
255.000000
255.000000
255.000000
254.000000
255.000000
255.000000
255.000000
255.000000
247.000000
238.000000
250.000000
255.000000
252.000000
254.000000
254.000000
254.000000
254.000000
254.000000
254.000000
254.000000
255.000000
255.000000
251.000000
255.000000
236.000000
100.000000
88.000000
211.000000
255.000000
255.000000
253.000000
254.000000
254.000000
254.000000
254.000000
254.000000
255.000000
255.000000
252.000000
255.000000
252.000000
101.000000
0.000000
77.000000
242.000000
255.000000
253.000000
253.000000
253.000000
253.000000
253.000000
254.000000
255.000000
255.000000
255.000000
253.000000
255.000000
220.000000
24.000000
21.000000
217.000000
255.000000
255.000000
255.000000
255.000000
255.000000
255.000000
255.000000
253.000000
255.000000
255.000000
255.000000
255.000000
255.000000
113.000000
34.000000
230.000000
255.000000
255.000000
255.000000
255.000000
240.000000
235.000000
252.000000
254.000000
255.000000
255.000000
254.000000
255.000000
255.000000
187.000000
65.000000
205.000000
255.000000
225.000000
171.000000
119.000000
49.000000
105.000000
242.000000
255.000000
255.000000
254.000000
251.000000
252.000000
255.000000
247.000000
116.000000
70.000000
86.000000
45.000000
1.000000
0.000000
0.000000
93.000000
240.000000
255.000000
255.000000
253.000000
253.000000
251.000000
253.000000
255.000000
208.000000
64.000000
2.000000
19.000000
68.000000
116.000000
170.000000
229.000000
252.000000
255.000000
255.000000
254.000000
254.000000
253.000000
251.000000
252.000000
255.000000
226.000000
201.000000
214.000000
237.000000
255.000000
255.000000
255.000000
255.000000
255.000000
255.000000
254.000000
253.000000
253.000000
251.000000
250.000000
254.000000
255.000000
255.000000
255.000000
255.000000
255.000000
255.000000
250.000000
252.000000
255.000000
255.000000
254.000000
251.000000
252.000000
254.000000
254.000000
254.000000
251.000000
251.000000
251.000000
255.000000
252.000000
252.000000
252.000000
252.000000
255.000000
255.000000
255.000000
251.000000
252.000000
255.000000
252.000000
252.000000
248.000000
249.000000
254.000000
249.000000
251.000000
250.000000
255.000000
255.000000
255.000000
255.000000
255.000000
254.000000
255.000000
254.000000
254.000000
253.000000
254.000000
254.000000
252.000000
249.000000
252.000000
253.000000
255.000000
255.000000
255.000000
