255.000000
240.000000
255.000000
255.000000
255.000000
255.000000
255.000000
255.000000
255.000000
255.000000
255.000000
255.000000
255.000000
255.000000
255.000000
255.000000
217.000000
26.000000
147.000000
255.000000
255.000000
255.000000
255.000000
255.000000
255.000000
255.000000
255.000000
255.000000
255.000000
255.000000
255.000000
255.000000
169.000000
0.000000
97.000000
255.000000
255.000000
255.000000
255.000000
255.000000
255.000000
255.000000
255.000000
255.000000
255.000000
255.000000
255.000000
255.000000
178.000000
0.000000
110.000000
255.000000
255.000000
255.000000
255.000000
255.000000
255.000000
255.000000
255.000000
255.000000
255.000000
255.000000
255.000000
255.000000
179.000000
0.000000
111.000000
255.000000
255.000000
255.000000
255.000000
255.000000
255.000000
255.000000
255.000000
255.000000
255.000000
255.000000
255.000000
255.000000
179.000000
0.000000
111.000000
255.000000
255.000000
255.000000
255.000000
255.000000
255.000000
255.000000
255.000000
255.000000
255.000000
255.000000
255.000000
255.000000
179.000000
0.000000
111.000000
255.000000
255.000000
255.000000
255.000000
255.000000
255.000000
255.000000
255.000000
255.000000
255.000000
255.000000
255.000000
255.000000
179.000000
0.000000
111.000000
255.000000
255.000000
255.000000
255.000000
255.000000
255.000000
255.000000
255.000000
255.000000
255.000000
255.000000
255.000000
255.000000
179.000000
0.000000
111.000000
255.000000
255.000000
255.000000
255.000000
255.000000
255.000000
255.000000
255.000000
255.000000
255.000000
255.000000
255.000000
255.000000
179.000000
0.000000
111.000000
255.000000
255.000000
255.000000
255.000000
255.000000
255.000000
255.000000
255.000000
255.000000
255.000000
255.000000
255.000000
255.000000
179.000000
0.000000
114.000000
255.000000
255.000000
255.000000
255.000000
255.000000
255.000000
255.000000
255.000000
255.000000
255.000000
255.000000
255.000000
255.000000
178.000000
0.000000
114.000000
255.000000
255.000000
255.000000
255.000000
255.000000
255.000000
255.000000
255.000000
255.000000
255.000000
255.000000
255.000000
255.000000
172.000000
13.000000
61.000000
123.000000
125.000000
122.000000
122.000000
122.000000
122.000000
122.000000
122.000000
122.000000
122.000000
115.000000
122.000000
236.000000
205.000000
17.000000
34.000000
14.000000
13.000000
14.000000
14.000000
14.000000
14.000000
14.000000
14.000000
14.000000
14.000000
13.000000
0.000000
152.000000
255.000000
99.000000
4.000000
24.000000
26.000000
26.000000
26.000000
26.000000
26.000000
26.000000
26.000000
26.000000
26.000000
22.000000
0.000000
167.000000
255.000000
255.000000
193.000000
192.000000
194.000000
194.000000
194.000000
194.000000
194.000000
194.000000
194.000000
194.000000
194.000000
191.000000
196.000000
254.000000
