255.000000
255.000000
255.000000
255.000000
254.000000
255.000000
255.000000
255.000000
255.000000
255.000000
255.000000
255.000000
255.000000
255.000000
255.000000
255.000000
255.000000
254.000000
254.000000
254.000000
254.000000
255.000000
255.000000
255.000000
255.000000
252.000000
254.000000
255.000000
255.000000
255.000000
255.000000
255.000000
253.000000
252.000000
253.000000
254.000000
255.000000
211.000000
145.000000
212.000000
255.000000
252.000000
250.000000
252.000000
254.000000
255.000000
253.000000
251.000000
255.000000
253.000000
251.000000
252.000000
255.000000
201.000000
32.000000
43.000000
200.000000
253.000000
251.000000
246.000000
251.000000
255.000000
253.000000
252.000000
252.000000
254.000000
255.000000
253.000000
255.000000
234.000000
47.000000
0.000000
138.000000
254.000000
251.000000
253.000000
254.000000
253.000000
251.000000
254.000000
251.000000
253.000000
252.000000
255.000000
255.000000
184.000000
5.000000
0.000000
133.000000
255.000000
255.000000
255.000000
255.000000
253.000000
250.000000
253.000000
252.000000
254.000000
253.000000
255.000000
214.000000
45.000000
4.000000
60.000000
84.000000
129.000000
177.000000
235.000000
255.000000
255.000000
251.000000
250.000000
245.000000
255.000000
255.000000
217.000000
59.000000
0.000000
143.000000
239.000000
135.000000
0.000000
0.000000
87.000000
219.000000
255.000000
255.000000
249.000000
255.000000
255.000000
222.000000
95.000000
25.000000
136.000000
253.000000
255.000000
250.000000
122.000000
0.000000
0.000000
172.000000
255.000000
255.000000
253.000000
249.000000
197.000000
116.000000
107.000000
187.000000
255.000000
255.000000
253.000000
255.000000
247.000000
134.000000
87.000000
210.000000
254.000000
249.000000
254.000000
229.000000
181.000000
179.000000
228.000000
255.000000
255.000000
245.000000
246.000000
253.000000
255.000000
251.000000
230.000000
246.000000
249.000000
248.000000
253.000000
244.000000
241.000000
255.000000
255.000000
253.000000
250.000000
251.000000
250.000000
250.000000
250.000000
255.000000
255.000000
251.000000
250.000000
252.000000
253.000000
253.000000
255.000000
255.000000
250.000000
249.000000
253.000000
255.000000
255.000000
252.000000
247.000000
246.000000
248.000000
253.000000
255.000000
254.000000
254.000000
248.000000
247.000000
253.000000
255.000000
254.000000
254.000000
251.000000
250.000000
253.000000
254.000000
254.000000
254.000000
254.000000
254.000000
254.000000
255.000000
253.000000
252.000000
252.000000
253.000000
255.000000
254.000000
250.000000
249.000000
254.000000
255.000000
252.000000
251.000000
254.000000
254.000000
254.000000
255.000000
253.000000
251.000000
252.000000
254.000000
255.000000
255.000000
255.000000
255.000000
254.000000
254.000000
254.000000
253.000000
255.000000
254.000000
255.000000
255.000000
