254.000000
254.000000
254.000000
254.000000
255.000000
255.000000
255.000000
255.000000
255.000000
255.000000
255.000000
255.000000
255.000000
255.000000
255.000000
255.000000
254.000000
253.000000
254.000000
255.000000
231.000000
204.000000
209.000000
204.000000
219.000000
254.000000
255.000000
254.000000
254.000000
255.000000
254.000000
255.000000
254.000000
253.000000
255.000000
255.000000
86.000000
0.000000
24.000000
0.000000
144.000000
255.000000
255.000000
254.000000
254.000000
253.000000
254.000000
255.000000
255.000000
253.000000
255.000000
241.000000
39.000000
8.000000
24.000000
7.000000
208.000000
255.000000
253.000000
253.000000
254.000000
253.000000
254.000000
255.000000
254.000000
253.000000
255.000000
197.000000
12.000000
35.000000
13.000000
56.000000
251.000000
255.000000
253.000000
253.000000
254.000000
254.000000
254.000000
254.000000
254.000000
255.000000
255.000000
143.000000
1.000000
45.000000
2.000000
101.000000
255.000000
255.000000
253.000000
254.000000
254.000000
254.000000
254.000000
254.000000
254.000000
255.000000
255.000000
91.000000
3.000000
44.000000
2.000000
155.000000
255.000000
254.000000
253.000000
253.000000
254.000000
254.000000
254.000000
254.000000
254.000000
255.000000
244.000000
46.000000
16.000000
31.000000
16.000000
209.000000
255.000000
254.000000
253.000000
253.000000
253.000000
254.000000
254.000000
254.000000
254.000000
255.000000
201.000000
13.000000
34.000000
14.000000
53.000000
250.000000
255.000000
254.000000
253.000000
253.000000
253.000000
254.000000
254.000000
254.000000
255.000000
255.000000
147.000000
1.000000
45.000000
2.000000
98.000000
255.000000
255.000000
254.000000
254.000000
253.000000
253.000000
254.000000
254.000000
254.000000
255.000000
255.000000
92.000000
2.000000
43.000000
1.000000
153.000000
255.000000
254.000000
253.000000
253.000000
253.000000
253.000000
254.000000
254.000000
254.000000
255.000000
246.000000
46.000000
17.000000
25.000000
24.000000
245.000000
255.000000
255.000000
255.000000
255.000000
255.000000
255.000000
255.000000
255.000000
255.000000
255.000000
203.000000
12.000000
32.000000
28.000000
48.000000
152.000000
157.000000
153.000000
154.000000
154.000000
154.000000
155.000000
150.000000
138.000000
228.000000
255.000000
142.000000
0.000000
38.000000
42.000000
38.000000
4.000000
1.000000
1.000000
1.000000
1.000000
1.000000
3.000000
0.000000
0.000000
225.000000
255.000000
66.000000
0.000000
19.000000
16.000000
16.000000
16.000000
17.000000
16.000000
16.000000
17.000000
17.000000
19.000000
0.000000
73.000000
255.000000
255.000000
198.000000
194.000000
197.000000
196.000000
196.000000
196.000000
196.000000
196.000000
196.000000
197.000000
197.000000
197.000000
191.000000
220.000000
255.000000
