255.000000
219.000000
207.000000
255.000000
253.000000
255.000000
255.000000
255.000000
255.000000
255.000000
255.000000
255.000000
255.000000
255.000000
255.000000
255.000000
255.000000
156.000000
0.000000
196.000000
255.000000
254.000000
255.000000
255.000000
255.000000
255.000000
255.000000
255.000000
255.000000
255.000000
255.000000
255.000000
255.000000
161.000000
0.000000
78.000000
255.000000
255.000000
255.000000
255.000000
255.000000
255.000000
255.000000
255.000000
255.000000
255.000000
255.000000
255.000000
255.000000
132.000000
11.000000
29.000000
212.000000
255.000000
255.000000
255.000000
255.000000
255.000000
255.000000
255.000000
255.000000
255.000000
255.000000
255.000000
255.000000
105.000000
19.000000
20.000000
177.000000
255.000000
255.000000
255.000000
255.000000
255.000000
255.000000
255.000000
255.000000
255.000000
255.000000
255.000000
255.000000
89.000000
21.000000
22.000000
176.000000
255.000000
255.000000
255.000000
255.000000
255.000000
255.000000
255.000000
255.000000
255.000000
255.000000
255.000000
254.000000
74.000000
29.000000
20.000000
173.000000
255.000000
255.000000
255.000000
255.000000
255.000000
255.000000
255.000000
255.000000
255.000000
255.000000
255.000000
239.000000
55.000000
35.000000
20.000000
173.000000
255.000000
255.000000
255.000000
255.000000
255.000000
255.000000
255.000000
254.000000
254.000000
255.000000
255.000000
231.000000
48.000000
36.000000
19.000000
177.000000
255.000000
255.000000
255.000000
255.000000
255.000000
255.000000
255.000000
255.000000
255.000000
255.000000
255.000000
244.000000
57.000000
34.000000
14.000000
181.000000
255.000000
255.000000
255.000000
251.000000
224.000000
207.000000
196.000000
208.000000
255.000000
255.000000
253.000000
255.000000
80.000000
25.000000
36.000000
89.000000
140.000000
109.000000
86.000000
67.000000
45.000000
33.000000
30.000000
31.000000
53.000000
198.000000
255.000000
255.000000
106.000000
19.000000
59.000000
33.000000
13.000000
19.000000
22.000000
29.000000
40.000000
43.000000
46.000000
45.000000
4.000000
42.000000
248.000000
255.000000
143.000000
11.000000
55.000000
53.000000
52.000000
53.000000
53.000000
52.000000
51.000000
52.000000
54.000000
53.000000
54.000000
0.000000
137.000000
255.000000
211.000000
8.000000
10.000000
37.000000
44.000000
46.000000
46.000000
45.000000
42.000000
36.000000
27.000000
14.000000
12.000000
21.000000
172.000000
254.000000
255.000000
180.000000
73.000000
49.000000
36.000000
31.000000
31.000000
31.000000
40.000000
52.000000
71.000000
127.000000
170.000000
222.000000
255.000000
255.000000
255.000000
255.000000
255.000000
236.000000
214.000000
203.000000
200.000000
206.000000
217.000000
236.000000
255.000000
255.000000
255.000000
255.000000
255.000000
