255.000000
251.000000
255.000000
255.000000
255.000000
255.000000
255.000000
254.000000
254.000000
255.000000
255.000000
255.000000
255.000000
254.000000
254.000000
255.000000
96.000000
24.000000
33.000000
33.000000
33.000000
33.000000
33.000000
32.000000
32.000000
33.000000
33.000000
31.000000
33.000000
37.000000
39.000000
214.000000
57.000000
0.000000
0.000000
0.000000
0.000000
0.000000
0.000000
0.000000
0.000000
0.000000
0.000000
0.000000
0.000000
0.000000
0.000000
208.000000
199.000000
166.000000
176.000000
176.000000
176.000000
175.000000
175.000000
175.000000
175.000000
176.000000
175.000000
184.000000
163.000000
1.000000
0.000000
214.000000
255.000000
255.000000
255.000000
255.000000
255.000000
255.000000
255.000000
255.000000
255.000000
255.000000
255.000000
255.000000
255.000000
1.000000
0.000000
213.000000
255.000000
254.000000
255.000000
255.000000
255.000000
255.000000
255.000000
253.000000
253.000000
255.000000
254.000000
255.000000
231.000000
0.000000
0.000000
214.000000
255.000000
255.000000
255.000000
255.000000
255.000000
255.000000
255.000000
255.000000
255.000000
255.000000
255.000000
255.000000
255.000000
1.000000
0.000000
214.000000
238.000000
231.000000
236.000000
236.000000
235.000000
235.000000
236.000000
235.000000
231.000000
225.000000
216.000000
215.000000
178.000000
0.000000
0.000000
214.000000
60.000000
11.000000
18.000000
18.000000
18.000000
17.000000
18.000000
16.000000
11.000000
0.000000
0.000000
0.000000
0.000000
0.000000
0.000000
213.000000
24.000000
0.000000
0.000000
0.000000
0.000000
0.000000
0.000000
0.000000
0.000000
0.000000
10.000000
40.000000
56.000000
1.000000
0.000000
213.000000
203.000000
188.000000
192.000000
191.000000
191.000000
192.000000
192.000000
192.000000
197.000000
209.000000
231.000000
255.000000
251.000000
1.000000
0.000000
214.000000
255.000000
255.000000
255.000000
255.000000
255.000000
255.000000
255.000000
255.000000
255.000000
255.000000
255.000000
255.000000
240.000000
0.000000
0.000000
214.000000
255.000000
254.000000
254.000000
254.000000
254.000000
254.000000
255.000000
254.000000
253.000000
255.000000
254.000000
255.000000
232.000000
0.000000
0.000000
214.000000
255.000000
254.000000
254.000000
254.000000
254.000000
254.000000
255.000000
254.000000
253.000000
255.000000
254.000000
255.000000
230.000000
0.000000
0.000000
211.000000
254.000000
254.000000
254.000000
254.000000
254.000000
254.000000
255.000000
254.000000
253.000000
255.000000
254.000000
255.000000
232.000000
2.000000
0.000000
211.000000
255.000000
255.000000
255.000000
255.000000
255.000000
255.000000
255.000000
255.000000
254.000000
255.000000
255.000000
255.000000
253.000000
219.000000
216.000000
249.000000
