255.000000
255.000000
247.000000
206.000000
184.000000
170.000000
158.000000
154.000000
160.000000
174.000000
186.000000
209.000000
255.000000
255.000000
253.000000
255.000000
220.000000
93.000000
55.000000
28.000000
20.000000
17.000000
15.000000
15.000000
15.000000
16.000000
19.000000
18.000000
85.000000
234.000000
255.000000
255.000000
172.000000
0.000000
32.000000
45.000000
51.000000
52.000000
52.000000
54.000000
52.000000
51.000000
51.000000
46.000000
0.000000
156.000000
255.000000
255.000000
241.000000
64.000000
31.000000
53.000000
29.000000
30.000000
37.000000
36.000000
33.000000
31.000000
36.000000
38.000000
5.000000
189.000000
255.000000
255.000000
255.000000
193.000000
21.000000
49.000000
77.000000
65.000000
49.000000
52.000000
60.000000
65.000000
54.000000
9.000000
114.000000
255.000000
255.000000
255.000000
255.000000
200.000000
15.000000
39.000000
226.000000
253.000000
228.000000
233.000000
243.000000
251.000000
234.000000
206.000000
255.000000
255.000000
254.000000
255.000000
255.000000
149.000000
1.000000
43.000000
224.000000
255.000000
255.000000
255.000000
255.000000
255.000000
255.000000
255.000000
255.000000
253.000000
255.000000
255.000000
255.000000
146.000000
6.000000
44.000000
219.000000
255.000000
255.000000
255.000000
255.000000
255.000000
255.000000
255.000000
255.000000
255.000000
255.000000
255.000000
255.000000
149.000000
9.000000
37.000000
206.000000
255.000000
254.000000
255.000000
255.000000
255.000000
255.000000
255.000000
254.000000
255.000000
255.000000
255.000000
255.000000
163.000000
9.000000
29.000000
193.000000
255.000000
254.000000
255.000000
255.000000
255.000000
255.000000
255.000000
255.000000
255.000000
253.000000
255.000000
255.000000
200.000000
28.000000
10.000000
190.000000
255.000000
255.000000
255.000000
255.000000
255.000000
255.000000
254.000000
255.000000
255.000000
255.000000
255.000000
255.000000
243.000000
58.000000
9.000000
133.000000
203.000000
178.000000
158.000000
132.000000
102.000000
77.000000
64.000000
79.000000
120.000000
192.000000
255.000000
255.000000
176.000000
17.000000
53.000000
37.000000
29.000000
19.000000
16.000000
17.000000
22.000000
28.000000
31.000000
26.000000
11.000000
0.000000
161.000000
255.000000
205.000000
21.000000
42.000000
48.000000
42.000000
44.000000
38.000000
31.000000
28.000000
27.000000
28.000000
30.000000
20.000000
0.000000
170.000000
255.000000
255.000000
120.000000
0.000000
16.000000
23.000000
30.000000
47.000000
62.000000
72.000000
80.000000
74.000000
68.000000
75.000000
156.000000
255.000000
255.000000
255.000000
247.000000
160.000000
170.000000
189.000000
206.000000
229.000000
249.000000
255.000000
255.000000
255.000000
255.000000
255.000000
255.000000
255.000000
