255.000000
255.000000
255.000000
255.000000
255.000000
255.000000
255.000000
254.000000
255.000000
255.000000
255.000000
255.000000
255.000000
255.000000
255.000000
255.000000
255.000000
255.000000
255.000000
255.000000
255.000000
255.000000
255.000000
255.000000
255.000000
237.000000
118.000000
141.000000
255.000000
253.000000
255.000000
255.000000
255.000000
255.000000
255.000000
255.000000
255.000000
253.000000
255.000000
255.000000
164.000000
34.000000
5.000000
0.000000
132.000000
255.000000
255.000000
255.000000
255.000000
255.000000
255.000000
255.000000
253.000000
255.000000
255.000000
148.000000
0.000000
28.000000
56.000000
0.000000
109.000000
255.000000
255.000000
255.000000
255.000000
255.000000
255.000000
254.000000
255.000000
255.000000
132.000000
5.000000
42.000000
58.000000
7.000000
118.000000
255.000000
254.000000
255.000000
255.000000
255.000000
255.000000
253.000000
255.000000
255.000000
129.000000
0.000000
45.000000
60.000000
16.000000
71.000000
255.000000
255.000000
254.000000
255.000000
255.000000
255.000000
255.000000
255.000000
255.000000
172.000000
1.000000
44.000000
57.000000
34.000000
14.000000
217.000000
255.000000
255.000000
255.000000
255.000000
255.000000
254.000000
255.000000
255.000000
193.000000
18.000000
37.000000
56.000000
45.000000
29.000000
172.000000
255.000000
255.000000
255.000000
255.000000
255.000000
255.000000
255.000000
255.000000
218.000000
20.000000
26.000000
57.000000
52.000000
21.000000
96.000000
255.000000
255.000000
255.000000
255.000000
255.000000
255.000000
255.000000
255.000000
236.000000
47.000000
21.000000
57.000000
53.000000
26.000000
20.000000
44.000000
63.000000
159.000000
255.000000
255.000000
255.000000
255.000000
255.000000
255.000000
112.000000
3.000000
57.000000
54.000000
19.000000
118.000000
158.000000
16.000000
21.000000
10.000000
62.000000
164.000000
255.000000
255.000000
255.000000
238.000000
44.000000
34.000000
57.000000
22.000000
51.000000
255.000000
255.000000
104.000000
0.000000
41.000000
29.000000
0.000000
103.000000
255.000000
255.000000
199.000000
23.000000
51.000000
34.000000
0.000000
183.000000
255.000000
255.000000
255.000000
134.000000
18.000000
17.000000
49.000000
0.000000
134.000000
255.000000
221.000000
25.000000
17.000000
17.000000
156.000000
255.000000
254.000000
253.000000
255.000000
255.000000
203.000000
79.000000
12.000000
7.000000
26.000000
224.000000
255.000000
157.000000
10.000000
177.000000
255.000000
255.000000
254.000000
255.000000
255.000000
255.000000
255.000000
255.000000
175.000000
63.000000
0.000000
176.000000
255.000000
255.000000
223.000000
255.000000
255.000000
255.000000
255.000000
255.000000
255.000000
255.000000
255.000000
255.000000
255.000000
255.000000
172.000000
223.000000
