255.000000
255.000000
255.000000
255.000000
255.000000
255.000000
255.000000
255.000000
255.000000
247.000000
209.000000
136.000000
58.000000
80.000000
218.000000
255.000000
180.000000
43.000000
79.000000
94.000000
99.000000
97.000000
92.000000
82.000000
54.000000
16.000000
0.000000
0.000000
0.000000
0.000000
15.000000
214.000000
213.000000
0.000000
0.000000
0.000000
0.000000
0.000000
0.000000
0.000000
0.000000
0.000000
0.000000
12.000000
7.000000
0.000000
0.000000
51.000000
255.000000
212.000000
54.000000
0.000000
0.000000
0.000000
1.000000
51.000000
110.000000
155.000000
201.000000
238.000000
49.000000
0.000000
0.000000
71.000000
255.000000
255.000000
255.000000
156.000000
92.000000
132.000000
218.000000
255.000000
255.000000
255.000000
255.000000
255.000000
48.000000
0.000000
0.000000
165.000000
255.000000
255.000000
255.000000
255.000000
255.000000
255.000000
255.000000
255.000000
255.000000
255.000000
255.000000
255.000000
50.000000
0.000000
0.000000
176.000000
255.000000
255.000000
255.000000
255.000000
255.000000
255.000000
253.000000
238.000000
213.000000
176.000000
150.000000
109.000000
12.000000
0.000000
0.000000
176.000000
131.000000
95.000000
100.000000
93.000000
84.000000
62.000000
33.000000
12.000000
0.000000
0.000000
0.000000
0.000000
0.000000
0.000000
0.000000
188.000000
108.000000
0.000000
0.000000
0.000000
0.000000
0.000000
0.000000
0.000000
0.000000
14.000000
71.000000
127.000000
44.000000
0.000000
0.000000
206.000000
255.000000
147.000000
18.000000
0.000000
0.000000
0.000000
35.000000
121.000000
191.000000
246.000000
255.000000
255.000000
85.000000
0.000000
3.000000
235.000000
255.000000
255.000000
235.000000
126.000000
85.000000
159.000000
253.000000
255.000000
255.000000
255.000000
255.000000
255.000000
79.000000
0.000000
40.000000
255.000000
255.000000
255.000000
255.000000
255.000000
255.000000
255.000000
255.000000
255.000000
255.000000
255.000000
255.000000
255.000000
101.000000
0.000000
96.000000
255.000000
255.000000
255.000000
255.000000
255.000000
255.000000
255.000000
255.000000
255.000000
255.000000
255.000000
255.000000
255.000000
113.000000
0.000000
197.000000
255.000000
255.000000
255.000000
255.000000
255.000000
255.000000
255.000000
255.000000
255.000000
255.000000
255.000000
255.000000
255.000000
93.000000
23.000000
255.000000
255.000000
255.000000
255.000000
255.000000
255.000000
255.000000
255.000000
255.000000
255.000000
255.000000
255.000000
255.000000
255.000000
67.000000
135.000000
255.000000
255.000000
255.000000
255.000000
255.000000
255.000000
255.000000
255.000000
255.000000
255.000000
255.000000
255.000000
255.000000
254.000000
154.000000
238.000000
255.000000
255.000000
