255.000000
255.000000
255.000000
255.000000
255.000000
255.000000
255.000000
255.000000
255.000000
255.000000
255.000000
255.000000
255.000000
255.000000
223.000000
242.000000
255.000000
252.000000
61.000000
72.000000
104.000000
103.000000
100.000000
95.000000
89.000000
80.000000
68.000000
55.000000
45.000000
25.000000
0.000000
119.000000
255.000000
254.000000
100.000000
0.000000
0.000000
0.000000
0.000000
0.000000
0.000000
0.000000
2.000000
23.000000
35.000000
28.000000
0.000000
84.000000
255.000000
255.000000
255.000000
153.000000
116.000000
146.000000
173.000000
200.000000
217.000000
237.000000
254.000000
255.000000
255.000000
255.000000
68.000000
48.000000
255.000000
255.000000
255.000000
255.000000
255.000000
255.000000
255.000000
255.000000
255.000000
255.000000
255.000000
255.000000
255.000000
255.000000
104.000000
39.000000
255.000000
255.000000
255.000000
255.000000
255.000000
255.000000
255.000000
255.000000
255.000000
255.000000
255.000000
255.000000
255.000000
255.000000
114.000000
44.000000
255.000000
255.000000
255.000000
255.000000
255.000000
255.000000
255.000000
255.000000
255.000000
255.000000
255.000000
255.000000
255.000000
255.000000
104.000000
47.000000
255.000000
255.000000
255.000000
255.000000
255.000000
255.000000
255.000000
255.000000
255.000000
239.000000
203.000000
151.000000
90.000000
56.000000
2.000000
86.000000
206.000000
126.000000
185.000000
203.000000
185.000000
160.000000
119.000000
70.000000
32.000000
15.000000
18.000000
41.000000
60.000000
121.000000
56.000000
79.000000
199.000000
0.000000
0.000000
0.000000
0.000000
0.000000
10.000000
60.000000
112.000000
175.000000
229.000000
255.000000
255.000000
255.000000
92.000000
67.000000
255.000000
196.000000
96.000000
113.000000
164.000000
219.000000
255.000000
255.000000
255.000000
255.000000
255.000000
255.000000
255.000000
255.000000
63.000000
84.000000
255.000000
255.000000
255.000000
255.000000
255.000000
255.000000
255.000000
255.000000
255.000000
255.000000
255.000000
255.000000
255.000000
255.000000
55.000000
102.000000
255.000000
255.000000
255.000000
255.000000
255.000000
255.000000
255.000000
255.000000
255.000000
255.000000
255.000000
255.000000
255.000000
255.000000
54.000000
124.000000
255.000000
255.000000
255.000000
255.000000
255.000000
255.000000
255.000000
255.000000
255.000000
255.000000
255.000000
255.000000
255.000000
255.000000
53.000000
134.000000
255.000000
255.000000
255.000000
255.000000
255.000000
255.000000
255.000000
255.000000
255.000000
255.000000
255.000000
255.000000
255.000000
255.000000
47.000000
153.000000
255.000000
255.000000
255.000000
255.000000
255.000000
255.000000
255.000000
255.000000
255.000000
255.000000
255.000000
255.000000
255.000000
251.000000
118.000000
229.000000
