251.000000
255.000000
255.000000
255.000000
253.000000
255.000000
255.000000
255.000000
255.000000
255.000000
255.000000
255.000000
255.000000
255.000000
255.000000
255.000000
254.000000
208.000000
62.000000
184.000000
255.000000
254.000000
254.000000
255.000000
255.000000
255.000000
255.000000
255.000000
255.000000
255.000000
255.000000
255.000000
255.000000
186.000000
0.000000
172.000000
255.000000
255.000000
255.000000
255.000000
255.000000
255.000000
255.000000
255.000000
255.000000
255.000000
255.000000
255.000000
255.000000
209.000000
39.000000
229.000000
255.000000
255.000000
255.000000
255.000000
255.000000
255.000000
255.000000
255.000000
255.000000
255.000000
255.000000
255.000000
255.000000
194.000000
49.000000
247.000000
255.000000
254.000000
254.000000
255.000000
255.000000
255.000000
255.000000
255.000000
255.000000
255.000000
255.000000
255.000000
255.000000
161.000000
54.000000
255.000000
255.000000
255.000000
255.000000
255.000000
255.000000
255.000000
255.000000
255.000000
255.000000
255.000000
255.000000
255.000000
255.000000
121.000000
86.000000
255.000000
255.000000
254.000000
255.000000
255.000000
255.000000
255.000000
255.000000
255.000000
255.000000
255.000000
255.000000
255.000000
255.000000
107.000000
99.000000
255.000000
255.000000
254.000000
254.000000
255.000000
255.000000
255.000000
255.000000
255.000000
255.000000
255.000000
255.000000
255.000000
255.000000
108.000000
99.000000
255.000000
255.000000
254.000000
253.000000
255.000000
255.000000
255.000000
255.000000
254.000000
255.000000
255.000000
254.000000
255.000000
255.000000
111.000000
106.000000
255.000000
255.000000
254.000000
254.000000
255.000000
255.000000
255.000000
254.000000
253.000000
254.000000
253.000000
253.000000
255.000000
255.000000
120.000000
127.000000
255.000000
255.000000
255.000000
255.000000
255.000000
255.000000
255.000000
255.000000
255.000000
255.000000
255.000000
255.000000
254.000000
255.000000
92.000000
80.000000
255.000000
255.000000
255.000000
255.000000
255.000000
255.000000
255.000000
255.000000
255.000000
255.000000
251.000000
251.000000
253.000000
255.000000
59.000000
0.000000
92.000000
123.000000
129.000000
138.000000
124.000000
85.000000
87.000000
85.000000
67.000000
68.000000
20.000000
61.000000
255.000000
255.000000
142.000000
0.000000
0.000000
0.000000
0.000000
0.000000
0.000000
0.000000
0.000000
0.000000
15.000000
30.000000
37.000000
98.000000
255.000000
255.000000
255.000000
124.000000
134.000000
182.000000
185.000000
189.000000
207.000000
227.000000
230.000000
238.000000
255.000000
255.000000
255.000000
255.000000
251.000000
255.000000
255.000000
255.000000
255.000000
255.000000
255.000000
255.000000
255.000000
255.000000
255.000000
255.000000
255.000000
255.000000
255.000000
255.000000
255.000000
