220.000000
38.000000
19.000000
21.000000
22.000000
22.000000
22.000000
22.000000
22.000000
22.000000
22.000000
22.000000
19.000000
65.000000
242.000000
255.000000
107.000000
0.000000
0.000000
0.000000
0.000000
0.000000
0.000000
0.000000
0.000000
0.000000
0.000000
0.000000
0.000000
0.000000
139.000000
255.000000
162.000000
0.000000
0.000000
0.000000
0.000000
0.000000
0.000000
0.000000
0.000000
0.000000
0.000000
3.000000
0.000000
0.000000
77.000000
255.000000
255.000000
132.000000
82.000000
87.000000
87.000000
87.000000
87.000000
87.000000
87.000000
99.000000
55.000000
0.000000
0.000000
0.000000
71.000000
255.000000
255.000000
255.000000
255.000000
255.000000
255.000000
255.000000
255.000000
255.000000
255.000000
255.000000
249.000000
4.000000
0.000000
0.000000
75.000000
255.000000
255.000000
255.000000
216.000000
193.000000
200.000000
200.000000
200.000000
200.000000
199.000000
208.000000
159.000000
2.000000
0.000000
0.000000
76.000000
255.000000
255.000000
158.000000
0.000000
0.000000
0.000000
0.000000
0.000000
0.000000
0.000000
0.000000
0.000000
1.000000
0.000000
0.000000
76.000000
255.000000
255.000000
38.000000
0.000000
0.000000
0.000000
0.000000
0.000000
0.000000
0.000000
0.000000
0.000000
0.000000
0.000000
0.000000
76.000000
255.000000
255.000000
88.000000
0.000000
0.000000
0.000000
0.000000
0.000000
0.000000
0.000000
0.000000
0.000000
2.000000
2.000000
0.000000
76.000000
255.000000
255.000000
237.000000
107.000000
88.000000
96.000000
95.000000
95.000000
95.000000
96.000000
108.000000
59.000000
0.000000
0.000000
0.000000
76.000000
255.000000
255.000000
255.000000
255.000000
255.000000
255.000000
255.000000
255.000000
255.000000
255.000000
255.000000
225.000000
4.000000
0.000000
0.000000
76.000000
255.000000
255.000000
255.000000
255.000000
255.000000
255.000000
255.000000
255.000000
255.000000
255.000000
255.000000
228.000000
11.000000
0.000000
0.000000
74.000000
255.000000
255.000000
255.000000
255.000000
255.000000
255.000000
255.000000
255.000000
255.000000
254.000000
255.000000
214.000000
1.000000
0.000000
0.000000
67.000000
255.000000
255.000000
255.000000
255.000000
255.000000
255.000000
255.000000
255.000000
255.000000
255.000000
255.000000
237.000000
6.000000
0.000000
0.000000
93.000000
255.000000
255.000000
255.000000
255.000000
255.000000
255.000000
255.000000
255.000000
255.000000
255.000000
255.000000
255.000000
146.000000
0.000000
18.000000
216.000000
255.000000
255.000000
255.000000
255.000000
255.000000
255.000000
255.000000
255.000000
255.000000
255.000000
255.000000
255.000000
255.000000
212.000000
231.000000
255.000000
255.000000
