255.000000
255.000000
255.000000
255.000000
255.000000
255.000000
255.000000
255.000000
255.000000
255.000000
255.000000
255.000000
255.000000
255.000000
255.000000
255.000000
254.000000
254.000000
254.000000
254.000000
254.000000
255.000000
184.000000
48.000000
77.000000
244.000000
255.000000
254.000000
254.000000
254.000000
254.000000
254.000000
255.000000
254.000000
254.000000
254.000000
254.000000
255.000000
158.000000
0.000000
15.000000
243.000000
255.000000
254.000000
254.000000
254.000000
254.000000
255.000000
255.000000
254.000000
254.000000
254.000000
254.000000
255.000000
172.000000
0.000000
42.000000
244.000000
255.000000
254.000000
254.000000
254.000000
254.000000
255.000000
255.000000
254.000000
254.000000
254.000000
254.000000
255.000000
167.000000
0.000000
44.000000
252.000000
255.000000
254.000000
254.000000
254.000000
254.000000
255.000000
255.000000
254.000000
254.000000
254.000000
255.000000
255.000000
137.000000
0.000000
63.000000
255.000000
255.000000
254.000000
254.000000
254.000000
254.000000
255.000000
255.000000
254.000000
254.000000
254.000000
255.000000
255.000000
86.000000
0.000000
132.000000
255.000000
255.000000
254.000000
254.000000
254.000000
254.000000
255.000000
255.000000
254.000000
254.000000
254.000000
255.000000
235.000000
26.000000
9.000000
76.000000
251.000000
255.000000
254.000000
254.000000
254.000000
254.000000
255.000000
255.000000
254.000000
254.000000
255.000000
255.000000
140.000000
0.000000
13.000000
0.000000
61.000000
245.000000
255.000000
255.000000
254.000000
254.000000
255.000000
255.000000
254.000000
254.000000
255.000000
247.000000
33.000000
0.000000
53.000000
21.000000
0.000000
50.000000
239.000000
255.000000
254.000000
254.000000
255.000000
255.000000
253.000000
255.000000
255.000000
101.000000
0.000000
11.000000
238.000000
162.000000
0.000000
0.000000
40.000000
232.000000
255.000000
254.000000
255.000000
255.000000
255.000000
255.000000
144.000000
0.000000
0.000000
144.000000
255.000000
255.000000
146.000000
0.000000
0.000000
32.000000
226.000000
255.000000
254.000000
255.000000
255.000000
134.000000
0.000000
0.000000
85.000000
255.000000
255.000000
255.000000
255.000000
157.000000
0.000000
0.000000
28.000000
218.000000
255.000000
187.000000
71.000000
0.000000
0.000000
75.000000
254.000000
255.000000
254.000000
254.000000
255.000000
255.000000
170.000000
0.000000
0.000000
5.000000
213.000000
143.000000
0.000000
0.000000
110.000000
255.000000
255.000000
253.000000
255.000000
254.000000
254.000000
255.000000
255.000000
181.000000
0.000000
25.000000
219.000000
255.000000
144.000000
159.000000
255.000000
255.000000
254.000000
255.000000
255.000000
255.000000
255.000000
255.000000
255.000000
255.000000
192.000000
224.000000
255.000000
