254.000000
252.000000
255.000000
255.000000
255.000000
255.000000
255.000000
255.000000
255.000000
255.000000
255.000000
255.000000
255.000000
255.000000
255.000000
255.000000
254.000000
254.000000
245.000000
176.000000
58.000000
94.000000
255.000000
255.000000
255.000000
255.000000
255.000000
255.000000
255.000000
255.000000
255.000000
255.000000
255.000000
255.000000
57.000000
0.000000
0.000000
0.000000
195.000000
255.000000
253.000000
255.000000
255.000000
255.000000
255.000000
255.000000
255.000000
255.000000
255.000000
255.000000
56.000000
0.000000
5.000000
0.000000
104.000000
255.000000
255.000000
254.000000
255.000000
255.000000
255.000000
254.000000
255.000000
255.000000
255.000000
255.000000
242.000000
58.000000
1.000000
0.000000
31.000000
251.000000
255.000000
253.000000
252.000000
254.000000
255.000000
255.000000
255.000000
255.000000
255.000000
252.000000
255.000000
182.000000
0.000000
0.000000
0.000000
195.000000
255.000000
253.000000
253.000000
254.000000
255.000000
248.000000
255.000000
254.000000
254.000000
251.000000
255.000000
246.000000
24.000000
0.000000
0.000000
119.000000
255.000000
254.000000
253.000000
255.000000
192.000000
36.000000
147.000000
255.000000
255.000000
252.000000
254.000000
255.000000
112.000000
0.000000
0.000000
72.000000
255.000000
255.000000
255.000000
212.000000
16.000000
0.000000
10.000000
240.000000
255.000000
253.000000
252.000000
255.000000
169.000000
0.000000
0.000000
26.000000
249.000000
255.000000
194.000000
13.000000
0.000000
0.000000
0.000000
239.000000
255.000000
254.000000
253.000000
255.000000
220.000000
8.000000
0.000000
0.000000
239.000000
176.000000
0.000000
0.000000
2.000000
0.000000
101.000000
255.000000
255.000000
255.000000
254.000000
255.000000
255.000000
49.000000
0.000000
15.000000
81.000000
0.000000
0.000000
0.000000
0.000000
93.000000
255.000000
255.000000
255.000000
255.000000
255.000000
255.000000
255.000000
78.000000
0.000000
7.000000
0.000000
4.000000
0.000000
0.000000
101.000000
255.000000
255.000000
252.000000
255.000000
255.000000
253.000000
255.000000
255.000000
53.000000
0.000000
8.000000
9.000000
0.000000
0.000000
163.000000
255.000000
255.000000
251.000000
254.000000
255.000000
255.000000
254.000000
255.000000
255.000000
80.000000
0.000000
0.000000
0.000000
11.000000
199.000000
255.000000
255.000000
253.000000
254.000000
255.000000
255.000000
255.000000
255.000000
254.000000
255.000000
223.000000
37.000000
0.000000
65.000000
212.000000
255.000000
253.000000
253.000000
254.000000
255.000000
255.000000
255.000000
255.000000
255.000000
254.000000
253.000000
255.000000
241.000000
205.000000
255.000000
255.000000
255.000000
254.000000
254.000000
255.000000
255.000000
255.000000
