255.000000
255.000000
144.000000
135.000000
255.000000
255.000000
255.000000
255.000000
255.000000
255.000000
255.000000
255.000000
255.000000
255.000000
255.000000
255.000000
255.000000
206.000000
0.000000
0.000000
190.000000
255.000000
255.000000
255.000000
255.000000
255.000000
255.000000
255.000000
255.000000
255.000000
255.000000
255.000000
255.000000
123.000000
0.000000
0.000000
111.000000
255.000000
255.000000
255.000000
255.000000
255.000000
255.000000
255.000000
255.000000
255.000000
255.000000
255.000000
255.000000
89.000000
0.000000
0.000000
87.000000
255.000000
255.000000
255.000000
255.000000
255.000000
255.000000
255.000000
255.000000
255.000000
255.000000
255.000000
255.000000
83.000000
0.000000
0.000000
80.000000
255.000000
255.000000
255.000000
255.000000
255.000000
255.000000
255.000000
255.000000
255.000000
255.000000
255.000000
255.000000
85.000000
0.000000
0.000000
80.000000
255.000000
255.000000
255.000000
255.000000
255.000000
255.000000
255.000000
255.000000
255.000000
255.000000
255.000000
255.000000
86.000000
0.000000
0.000000
83.000000
255.000000
255.000000
255.000000
255.000000
255.000000
255.000000
255.000000
255.000000
255.000000
255.000000
255.000000
255.000000
86.000000
0.000000
0.000000
89.000000
255.000000
255.000000
255.000000
255.000000
255.000000
255.000000
255.000000
255.000000
255.000000
255.000000
255.000000
255.000000
86.000000
0.000000
0.000000
43.000000
249.000000
255.000000
255.000000
255.000000
255.000000
255.000000
255.000000
255.000000
255.000000
255.000000
255.000000
255.000000
83.000000
0.000000
1.000000
0.000000
43.000000
58.000000
53.000000
53.000000
53.000000
53.000000
52.000000
50.000000
45.000000
126.000000
255.000000
255.000000
88.000000
0.000000
1.000000
2.000000
0.000000
0.000000
0.000000
0.000000
0.000000
0.000000
0.000000
0.000000
0.000000
0.000000
210.000000
255.000000
118.000000
0.000000
0.000000
0.000000
1.000000
1.000000
0.000000
0.000000
0.000000
0.000000
0.000000
2.000000
0.000000
0.000000
173.000000
255.000000
196.000000
0.000000
0.000000
0.000000
0.000000
0.000000
0.000000
0.000000
0.000000
0.000000
0.000000
0.000000
0.000000
0.000000
203.000000
255.000000
255.000000
113.000000
29.000000
38.000000
40.000000
40.000000
40.000000
40.000000
40.000000
40.000000
40.000000
38.000000
28.000000
100.000000
255.000000
255.000000
255.000000
255.000000
241.000000
245.000000
246.000000
246.000000
246.000000
246.000000
246.000000
246.000000
246.000000
245.000000
240.000000
255.000000
255.000000
255.000000
255.000000
255.000000
255.000000
255.000000
255.000000
255.000000
255.000000
255.000000
255.000000
255.000000
255.000000
255.000000
255.000000
255.000000
254.000000
