255.000000
255.000000
255.000000
255.000000
255.000000
209.000000
178.000000
177.000000
177.000000
177.000000
200.000000
255.000000
255.000000
255.000000
255.000000
255.000000
255.000000
255.000000
254.000000
255.000000
137.000000
0.000000
0.000000
0.000000
0.000000
0.000000
0.000000
70.000000
246.000000
255.000000
255.000000
255.000000
255.000000
255.000000
255.000000
234.000000
0.000000
0.000000
0.000000
0.000000
0.000000
0.000000
0.000000
0.000000
151.000000
255.000000
255.000000
255.000000
255.000000
255.000000
255.000000
154.000000
0.000000
0.000000
1.000000
0.000000
0.000000
0.000000
1.000000
0.000000
68.000000
255.000000
255.000000
255.000000
255.000000
255.000000
255.000000
74.000000
0.000000
2.000000
0.000000
42.000000
76.000000
0.000000
1.000000
0.000000
11.000000
235.000000
255.000000
255.000000
255.000000
255.000000
238.000000
15.000000
0.000000
0.000000
10.000000
232.000000
255.000000
68.000000
0.000000
0.000000
0.000000
171.000000
255.000000
255.000000
255.000000
255.000000
181.000000
0.000000
0.000000
0.000000
78.000000
255.000000
255.000000
170.000000
0.000000
0.000000
0.000000
100.000000
255.000000
255.000000
255.000000
255.000000
116.000000
0.000000
0.000000
0.000000
150.000000
255.000000
255.000000
227.000000
7.000000
0.000000
0.000000
46.000000
255.000000
255.000000
255.000000
255.000000
51.000000
0.000000
0.000000
0.000000
203.000000
255.000000
255.000000
255.000000
50.000000
0.000000
0.000000
4.000000
219.000000
255.000000
255.000000
221.000000
3.000000
0.000000
0.000000
27.000000
246.000000
255.000000
255.000000
255.000000
97.000000
0.000000
0.000000
0.000000
163.000000
255.000000
255.000000
169.000000
0.000000
0.000000
0.000000
78.000000
255.000000
255.000000
255.000000
255.000000
155.000000
0.000000
0.000000
0.000000
99.000000
255.000000
255.000000
114.000000
0.000000
0.000000
0.000000
139.000000
255.000000
255.000000
255.000000
255.000000
205.000000
0.000000
0.000000
0.000000
54.000000
255.000000
255.000000
64.000000
0.000000
0.000000
0.000000
190.000000
255.000000
255.000000
255.000000
255.000000
248.000000
29.000000
0.000000
0.000000
12.000000
228.000000
247.000000
23.000000
0.000000
0.000000
0.000000
232.000000
255.000000
255.000000
255.000000
255.000000
255.000000
58.000000
0.000000
0.000000
0.000000
195.000000
252.000000
46.000000
0.000000
0.000000
101.000000
255.000000
255.000000
255.000000
255.000000
254.000000
255.000000
154.000000
0.000000
0.000000
0.000000
220.000000
255.000000
216.000000
121.000000
159.000000
255.000000
255.000000
255.000000
255.000000
255.000000
255.000000
255.000000
255.000000
181.000000
120.000000
186.000000
255.000000
