255.000000
255.000000
255.000000
255.000000
255.000000
228.000000
186.000000
151.000000
113.000000
88.000000
84.000000
116.000000
204.000000
255.000000
255.000000
255.000000
255.000000
165.000000
92.000000
103.000000
74.000000
42.000000
20.000000
15.000000
25.000000
34.000000
34.000000
8.000000
9.000000
201.000000
255.000000
255.000000
255.000000
66.000000
0.000000
21.000000
28.000000
40.000000
50.000000
53.000000
53.000000
53.000000
53.000000
58.000000
14.000000
72.000000
255.000000
255.000000
255.000000
89.000000
24.000000
55.000000
53.000000
48.000000
40.000000
39.000000
39.000000
40.000000
41.000000
47.000000
50.000000
12.000000
176.000000
255.000000
255.000000
101.000000
25.000000
39.000000
12.000000
26.000000
42.000000
46.000000
45.000000
41.000000
40.000000
39.000000
56.000000
14.000000
103.000000
255.000000
255.000000
101.000000
11.000000
79.000000
160.000000
193.000000
218.000000
227.000000
225.000000
217.000000
218.000000
157.000000
32.000000
17.000000
86.000000
255.000000
255.000000
99.000000
0.000000
128.000000
255.000000
255.000000
255.000000
255.000000
255.000000
255.000000
255.000000
197.000000
22.000000
18.000000
87.000000
255.000000
255.000000
91.000000
0.000000
101.000000
255.000000
255.000000
254.000000
255.000000
255.000000
255.000000
255.000000
175.000000
23.000000
16.000000
100.000000
255.000000
255.000000
83.000000
0.000000
89.000000
255.000000
255.000000
253.000000
255.000000
255.000000
255.000000
255.000000
174.000000
23.000000
15.000000
118.000000
255.000000
255.000000
88.000000
1.000000
65.000000
255.000000
255.000000
255.000000
255.000000
255.000000
255.000000
255.000000
210.000000
21.000000
11.000000
140.000000
255.000000
255.000000
95.000000
10.000000
46.000000
197.000000
215.000000
190.000000
181.000000
173.000000
169.000000
169.000000
137.000000
37.000000
12.000000
158.000000
255.000000
255.000000
116.000000
17.000000
52.000000
41.000000
35.000000
24.000000
20.000000
19.000000
17.000000
15.000000
26.000000
55.000000
19.000000
125.000000
255.000000
255.000000
175.000000
1.000000
49.000000
45.000000
44.000000
46.000000
50.000000
51.000000
51.000000
51.000000
51.000000
52.000000
29.000000
62.000000
249.000000
255.000000
249.000000
78.000000
0.000000
30.000000
40.000000
39.000000
36.000000
29.000000
22.000000
20.000000
14.000000
16.000000
0.000000
50.000000
253.000000
255.000000
255.000000
249.000000
119.000000
55.000000
45.000000
45.000000
54.000000
69.000000
84.000000
110.000000
134.000000
150.000000
135.000000
167.000000
255.000000
255.000000
255.000000
255.000000
255.000000
253.000000
230.000000
227.000000
238.000000
255.000000
255.000000
255.000000
255.000000
255.000000
255.000000
255.000000
255.000000
