255.000000
255.000000
255.000000
255.000000
224.000000
163.000000
173.000000
176.000000
204.000000
255.000000
255.000000
255.000000
255.000000
255.000000
255.000000
255.000000
255.000000
254.000000
252.000000
255.000000
167.000000
0.000000
0.000000
0.000000
0.000000
178.000000
255.000000
254.000000
254.000000
254.000000
254.000000
255.000000
255.000000
254.000000
253.000000
254.000000
252.000000
209.000000
118.000000
16.000000
0.000000
104.000000
255.000000
255.000000
254.000000
254.000000
254.000000
255.000000
255.000000
254.000000
254.000000
254.000000
255.000000
255.000000
227.000000
7.000000
0.000000
134.000000
255.000000
254.000000
254.000000
254.000000
254.000000
255.000000
255.000000
254.000000
254.000000
254.000000
253.000000
255.000000
152.000000
0.000000
1.000000
191.000000
255.000000
254.000000
254.000000
254.000000
254.000000
255.000000
255.000000
254.000000
254.000000
254.000000
255.000000
255.000000
74.000000
0.000000
50.000000
248.000000
255.000000
254.000000
254.000000
254.000000
254.000000
255.000000
255.000000
255.000000
253.000000
253.000000
255.000000
206.000000
5.000000
0.000000
151.000000
255.000000
255.000000
253.000000
254.000000
254.000000
254.000000
255.000000
255.000000
255.000000
254.000000
254.000000
255.000000
88.000000
0.000000
4.000000
57.000000
215.000000
255.000000
255.000000
254.000000
254.000000
254.000000
255.000000
255.000000
254.000000
254.000000
255.000000
201.000000
2.000000
17.000000
35.000000
0.000000
15.000000
186.000000
255.000000
255.000000
253.000000
254.000000
255.000000
255.000000
254.000000
255.000000
255.000000
53.000000
0.000000
73.000000
218.000000
60.000000
0.000000
0.000000
148.000000
255.000000
255.000000
252.000000
255.000000
254.000000
255.000000
255.000000
122.000000
0.000000
9.000000
214.000000
255.000000
236.000000
50.000000
0.000000
0.000000
112.000000
255.000000
255.000000
255.000000
251.000000
255.000000
178.000000
0.000000
0.000000
169.000000
255.000000
254.000000
255.000000
239.000000
50.000000
0.000000
0.000000
76.000000
247.000000
255.000000
255.000000
210.000000
2.000000
0.000000
143.000000
255.000000
253.000000
254.000000
254.000000
255.000000
244.000000
54.000000
0.000000
0.000000
45.000000
225.000000
197.000000
0.000000
0.000000
153.000000
255.000000
255.000000
253.000000
254.000000
254.000000
254.000000
255.000000
246.000000
57.000000
0.000000
0.000000
103.000000
3.000000
17.000000
191.000000
255.000000
255.000000
254.000000
254.000000
254.000000
254.000000
254.000000
254.000000
255.000000
249.000000
66.000000
2.000000
150.000000
183.000000
238.000000
255.000000
255.000000
253.000000
255.000000
255.000000
255.000000
255.000000
255.000000
255.000000
255.000000
255.000000
255.000000
218.000000
255.000000
