255.000000
255.000000
255.000000
254.000000
255.000000
255.000000
104.000000
19.000000
134.000000
255.000000
255.000000
255.000000
253.000000
252.000000
255.000000
255.000000
255.000000
255.000000
255.000000
249.000000
253.000000
255.000000
153.000000
0.000000
0.000000
147.000000
255.000000
255.000000
255.000000
250.000000
250.000000
255.000000
255.000000
255.000000
249.000000
252.000000
255.000000
255.000000
236.000000
11.000000
0.000000
0.000000
228.000000
255.000000
255.000000
255.000000
250.000000
252.000000
255.000000
252.000000
249.000000
255.000000
255.000000
255.000000
255.000000
48.000000
0.000000
0.000000
149.000000
255.000000
255.000000
255.000000
255.000000
252.000000
254.000000
249.000000
255.000000
255.000000
255.000000
255.000000
234.000000
16.000000
0.000000
0.000000
183.000000
255.000000
255.000000
255.000000
255.000000
255.000000
249.000000
254.000000
255.000000
255.000000
255.000000
255.000000
125.000000
0.000000
0.000000
71.000000
255.000000
255.000000
255.000000
255.000000
255.000000
255.000000
254.000000
255.000000
255.000000
255.000000
255.000000
250.000000
14.000000
0.000000
0.000000
53.000000
231.000000
255.000000
255.000000
255.000000
254.000000
255.000000
255.000000
255.000000
255.000000
255.000000
255.000000
137.000000
0.000000
0.000000
29.000000
0.000000
16.000000
121.000000
202.000000
255.000000
255.000000
255.000000
255.000000
255.000000
255.000000
255.000000
247.000000
14.000000
0.000000
0.000000
230.000000
149.000000
0.000000
0.000000
0.000000
87.000000
246.000000
255.000000
255.000000
255.000000
255.000000
255.000000
125.000000
0.000000
0.000000
149.000000
255.000000
255.000000
55.000000
0.000000
0.000000
0.000000
99.000000
255.000000
255.000000
255.000000
255.000000
237.000000
7.000000
0.000000
88.000000
255.000000
255.000000
255.000000
232.000000
4.000000
0.000000
0.000000
8.000000
248.000000
255.000000
255.000000
255.000000
81.000000
0.000000
53.000000
255.000000
255.000000
255.000000
255.000000
255.000000
159.000000
0.000000
0.000000
2.000000
232.000000
255.000000
255.000000
154.000000
0.000000
48.000000
244.000000
255.000000
253.000000
255.000000
255.000000
255.000000
255.000000
70.000000
0.000000
0.000000
237.000000
228.000000
144.000000
0.000000
73.000000
250.000000
255.000000
255.000000
255.000000
255.000000
255.000000
255.000000
255.000000
237.000000
10.000000
43.000000
255.000000
76.000000
53.000000
159.000000
255.000000
255.000000
255.000000
255.000000
255.000000
255.000000
255.000000
255.000000
255.000000
255.000000
222.000000
231.000000
255.000000
241.000000
255.000000
255.000000
255.000000
255.000000
255.000000
255.000000
255.000000
255.000000
255.000000
255.000000
255.000000
255.000000
255.000000
255.000000
255.000000
