255.000000
243.000000
255.000000
255.000000
255.000000
255.000000
255.000000
255.000000
255.000000
255.000000
255.000000
255.000000
255.000000
255.000000
255.000000
255.000000
178.000000
19.000000
62.000000
195.000000
255.000000
255.000000
255.000000
255.000000
255.000000
255.000000
255.000000
255.000000
255.000000
255.000000
255.000000
255.000000
198.000000
0.000000
0.000000
0.000000
213.000000
255.000000
255.000000
255.000000
255.000000
255.000000
255.000000
255.000000
255.000000
255.000000
255.000000
255.000000
255.000000
54.000000
0.000000
0.000000
69.000000
255.000000
255.000000
255.000000
255.000000
255.000000
255.000000
255.000000
255.000000
255.000000
255.000000
255.000000
255.000000
179.000000
0.000000
0.000000
4.000000
239.000000
255.000000
255.000000
255.000000
255.000000
255.000000
255.000000
255.000000
255.000000
255.000000
255.000000
255.000000
255.000000
40.000000
0.000000
5.000000
228.000000
255.000000
255.000000
255.000000
255.000000
255.000000
255.000000
255.000000
255.000000
255.000000
255.000000
255.000000
255.000000
146.000000
0.000000
7.000000
234.000000
255.000000
255.000000
255.000000
255.000000
255.000000
255.000000
255.000000
255.000000
255.000000
255.000000
251.000000
255.000000
233.000000
0.000000
0.000000
241.000000
255.000000
255.000000
255.000000
255.000000
255.000000
255.000000
255.000000
255.000000
255.000000
255.000000
255.000000
255.000000
255.000000
36.000000
0.000000
245.000000
255.000000
255.000000
255.000000
255.000000
255.000000
255.000000
255.000000
202.000000
229.000000
255.000000
255.000000
254.000000
255.000000
108.000000
0.000000
245.000000
255.000000
255.000000
255.000000
255.000000
231.000000
140.000000
60.000000
0.000000
36.000000
248.000000
255.000000
255.000000
255.000000
151.000000
0.000000
243.000000
255.000000
255.000000
180.000000
96.000000
14.000000
0.000000
0.000000
0.000000
0.000000
210.000000
255.000000
255.000000
255.000000
233.000000
0.000000
86.000000
125.000000
39.000000
0.000000
0.000000
0.000000
0.000000
0.000000
0.000000
8.000000
238.000000
255.000000
255.000000
255.000000
255.000000
90.000000
0.000000
0.000000
0.000000
0.000000
0.000000
0.000000
0.000000
0.000000
44.000000
200.000000
255.000000
255.000000
255.000000
255.000000
255.000000
237.000000
32.000000
0.000000
0.000000
0.000000
0.000000
26.000000
85.000000
162.000000
255.000000
255.000000
255.000000
255.000000
255.000000
255.000000
255.000000
255.000000
235.000000
112.000000
84.000000
120.000000
182.000000
245.000000
255.000000
255.000000
255.000000
255.000000
255.000000
255.000000
255.000000
255.000000
255.000000
255.000000
255.000000
255.000000
255.000000
255.000000
255.000000
255.000000
255.000000
254.000000
255.000000
255.000000
255.000000
