255.000000
255.000000
255.000000
255.000000
255.000000
255.000000
255.000000
255.000000
254.000000
255.000000
237.000000
212.000000
255.000000
252.000000
251.000000
255.000000
255.000000
255.000000
255.000000
255.000000
255.000000
255.000000
255.000000
255.000000
255.000000
255.000000
155.000000
0.000000
163.000000
255.000000
252.000000
255.000000
255.000000
255.000000
255.000000
255.000000
254.000000
254.000000
250.000000
251.000000
255.000000
242.000000
42.000000
0.000000
48.000000
255.000000
255.000000
255.000000
255.000000
255.000000
255.000000
255.000000
255.000000
252.000000
253.000000
255.000000
221.000000
44.000000
0.000000
26.000000
210.000000
255.000000
253.000000
255.000000
255.000000
255.000000
255.000000
254.000000
253.000000
255.000000
255.000000
194.000000
18.000000
0.000000
34.000000
224.000000
255.000000
249.000000
253.000000
255.000000
254.000000
254.000000
252.000000
251.000000
255.000000
255.000000
155.000000
0.000000
0.000000
65.000000
237.000000
255.000000
254.000000
252.000000
254.000000
255.000000
255.000000
252.000000
248.000000
255.000000
255.000000
110.000000
0.000000
3.000000
148.000000
255.000000
255.000000
254.000000
254.000000
254.000000
255.000000
255.000000
252.000000
255.000000
255.000000
235.000000
68.000000
0.000000
0.000000
0.000000
197.000000
255.000000
255.000000
252.000000
254.000000
254.000000
254.000000
255.000000
252.000000
255.000000
175.000000
20.000000
0.000000
21.000000
137.000000
96.000000
0.000000
114.000000
255.000000
254.000000
254.000000
253.000000
254.000000
255.000000
255.000000
104.000000
0.000000
0.000000
76.000000
233.000000
255.000000
255.000000
70.000000
0.000000
222.000000
255.000000
254.000000
254.000000
254.000000
255.000000
246.000000
86.000000
95.000000
181.000000
255.000000
255.000000
253.000000
255.000000
150.000000
0.000000
191.000000
255.000000
251.000000
253.000000
255.000000
255.000000
252.000000
255.000000
255.000000
255.000000
255.000000
251.000000
254.000000
255.000000
152.000000
0.000000
189.000000
255.000000
249.000000
255.000000
255.000000
255.000000
255.000000
255.000000
255.000000
253.000000
253.000000
254.000000
254.000000
255.000000
180.000000
0.000000
166.000000
255.000000
255.000000
202.000000
220.000000
255.000000
255.000000
255.000000
255.000000
255.000000
255.000000
255.000000
250.000000
255.000000
232.000000
0.000000
71.000000
250.000000
175.000000
33.000000
213.000000
255.000000
255.000000
255.000000
254.000000
254.000000
255.000000
253.000000
250.000000
254.000000
255.000000
85.000000
0.000000
0.000000
0.000000
117.000000
255.000000
255.000000
255.000000
255.000000
255.000000
255.000000
255.000000
254.000000
252.000000
252.000000
255.000000
253.000000
154.000000
118.000000
181.000000
255.000000
255.000000
255.000000
