255.000000
255.000000
254.000000
253.000000
254.000000
255.000000
255.000000
158.000000
92.000000
127.000000
187.000000
249.000000
255.000000
254.000000
255.000000
254.000000
255.000000
254.000000
255.000000
252.000000
250.000000
255.000000
255.000000
64.000000
0.000000
0.000000
0.000000
60.000000
234.000000
255.000000
254.000000
255.000000
255.000000
254.000000
250.000000
253.000000
250.000000
255.000000
255.000000
61.000000
0.000000
13.000000
0.000000
26.000000
229.000000
255.000000
255.000000
255.000000
255.000000
254.000000
252.000000
250.000000
253.000000
255.000000
198.000000
5.000000
0.000000
6.000000
0.000000
115.000000
255.000000
255.000000
254.000000
254.000000
255.000000
255.000000
253.000000
247.000000
255.000000
249.000000
47.000000
0.000000
11.000000
0.000000
21.000000
225.000000
255.000000
251.000000
253.000000
254.000000
255.000000
255.000000
252.000000
255.000000
255.000000
77.000000
0.000000
12.000000
7.000000
0.000000
144.000000
255.000000
255.000000
252.000000
254.000000
255.000000
255.000000
254.000000
255.000000
255.000000
102.000000
0.000000
6.000000
8.000000
0.000000
57.000000
252.000000
255.000000
252.000000
251.000000
255.000000
255.000000
254.000000
255.000000
255.000000
159.000000
0.000000
0.000000
18.000000
0.000000
22.000000
234.000000
255.000000
251.000000
254.000000
255.000000
255.000000
253.000000
253.000000
255.000000
243.000000
22.000000
0.000000
15.000000
0.000000
14.000000
211.000000
255.000000
253.000000
255.000000
255.000000
255.000000
245.000000
252.000000
255.000000
255.000000
147.000000
0.000000
4.000000
4.000000
0.000000
191.000000
255.000000
255.000000
255.000000
255.000000
176.000000
51.000000
157.000000
255.000000
255.000000
254.000000
66.000000
0.000000
4.000000
0.000000
144.000000
255.000000
255.000000
255.000000
168.000000
63.000000
0.000000
12.000000
224.000000
255.000000
255.000000
210.000000
10.000000
0.000000
0.000000
86.000000
255.000000
255.000000
164.000000
61.000000
0.000000
0.000000
0.000000
189.000000
255.000000
255.000000
255.000000
158.000000
0.000000
4.000000
6.000000
91.000000
136.000000
44.000000
0.000000
0.000000
0.000000
0.000000
119.000000
255.000000
255.000000
253.000000
255.000000
120.000000
0.000000
0.000000
12.000000
0.000000
0.000000
0.000000
0.000000
0.000000
62.000000
171.000000
255.000000
254.000000
253.000000
254.000000
255.000000
207.000000
47.000000
0.000000
0.000000
0.000000
3.000000
58.000000
92.000000
155.000000
255.000000
255.000000
253.000000
249.000000
254.000000
255.000000
255.000000
255.000000
253.000000
193.000000
177.000000
166.000000
208.000000
255.000000
255.000000
255.000000
255.000000
255.000000
253.000000
255.000000
255.000000
254.000000
