255.000000
255.000000
255.000000
255.000000
255.000000
250.000000
251.000000
247.000000
255.000000
255.000000
251.000000
253.000000
252.000000
252.000000
255.000000
255.000000
254.000000
254.000000
254.000000
254.000000
254.000000
248.000000
255.000000
179.000000
55.000000
234.000000
255.000000
252.000000
253.000000
253.000000
254.000000
255.000000
255.000000
252.000000
255.000000
254.000000
254.000000
255.000000
255.000000
89.000000
0.000000
47.000000
240.000000
255.000000
251.000000
255.000000
254.000000
255.000000
255.000000
249.000000
249.000000
254.000000
255.000000
220.000000
60.000000
0.000000
0.000000
30.000000
242.000000
255.000000
254.000000
254.000000
253.000000
255.000000
254.000000
253.000000
252.000000
255.000000
207.000000
20.000000
0.000000
0.000000
62.000000
217.000000
255.000000
252.000000
252.000000
254.000000
252.000000
255.000000
254.000000
253.000000
255.000000
217.000000
17.000000
0.000000
0.000000
118.000000
255.000000
255.000000
253.000000
254.000000
254.000000
254.000000
254.000000
255.000000
254.000000
255.000000
239.000000
32.000000
0.000000
0.000000
153.000000
255.000000
255.000000
250.000000
255.000000
252.000000
253.000000
255.000000
255.000000
255.000000
255.000000
255.000000
105.000000
0.000000
0.000000
168.000000
255.000000
255.000000
249.000000
252.000000
253.000000
250.000000
252.000000
254.000000
255.000000
255.000000
255.000000
206.000000
0.000000
0.000000
113.000000
255.000000
255.000000
250.000000
253.000000
251.000000
252.000000
252.000000
252.000000
251.000000
253.000000
255.000000
255.000000
112.000000
0.000000
36.000000
251.000000
255.000000
252.000000
254.000000
252.000000
255.000000
255.000000
255.000000
255.000000
255.000000
255.000000
255.000000
255.000000
62.000000
0.000000
150.000000
255.000000
255.000000
255.000000
255.000000
255.000000
255.000000
252.000000
253.000000
250.000000
254.000000
255.000000
255.000000
255.000000
46.000000
0.000000
131.000000
255.000000
255.000000
212.000000
174.000000
128.000000
55.000000
18.000000
17.000000
12.000000
26.000000
46.000000
211.000000
255.000000
78.000000
0.000000
0.000000
65.000000
51.000000
0.000000
0.000000
0.000000
0.000000
19.000000
39.000000
73.000000
15.000000
12.000000
222.000000
255.000000
216.000000
55.000000
0.000000
0.000000
0.000000
21.000000
69.000000
140.000000
202.000000
249.000000
255.000000
255.000000
152.000000
199.000000
255.000000
252.000000
255.000000
255.000000
197.000000
171.000000
196.000000
243.000000
255.000000
255.000000
255.000000
255.000000
255.000000
249.000000
243.000000
255.000000
250.000000
254.000000
249.000000
255.000000
255.000000
255.000000
255.000000
255.000000
255.000000
255.000000
254.000000
254.000000
251.000000
254.000000
255.000000
255.000000
253.000000
