253.000000
251.000000
255.000000
255.000000
254.000000
255.000000
255.000000
255.000000
255.000000
255.000000
255.000000
255.000000
255.000000
255.000000
255.000000
255.000000
248.000000
255.000000
255.000000
252.000000
254.000000
253.000000
255.000000
255.000000
255.000000
255.000000
255.000000
255.000000
255.000000
255.000000
255.000000
255.000000
248.000000
237.000000
255.000000
252.000000
254.000000
253.000000
255.000000
255.000000
255.000000
255.000000
255.000000
255.000000
255.000000
255.000000
255.000000
255.000000
253.000000
103.000000
203.000000
255.000000
253.000000
253.000000
255.000000
254.000000
254.000000
254.000000
254.000000
255.000000
255.000000
255.000000
255.000000
255.000000
255.000000
95.000000
57.000000
255.000000
255.000000
252.000000
254.000000
254.000000
254.000000
254.000000
254.000000
255.000000
255.000000
254.000000
255.000000
255.000000
255.000000
196.000000
0.000000
165.000000
255.000000
254.000000
255.000000
254.000000
253.000000
255.000000
255.000000
255.000000
253.000000
254.000000
255.000000
255.000000
255.000000
254.000000
33.000000
7.000000
233.000000
255.000000
250.000000
251.000000
253.000000
253.000000
253.000000
253.000000
253.000000
255.000000
250.000000
253.000000
254.000000
255.000000
191.000000
0.000000
59.000000
255.000000
255.000000
251.000000
253.000000
252.000000
253.000000
253.000000
252.000000
253.000000
250.000000
254.000000
253.000000
254.000000
255.000000
76.000000
0.000000
138.000000
255.000000
255.000000
255.000000
255.000000
255.000000
255.000000
255.000000
255.000000
255.000000
250.000000
255.000000
253.000000
255.000000
219.000000
0.000000
0.000000
123.000000
221.000000
245.000000
247.000000
251.000000
255.000000
255.000000
255.000000
255.000000
253.000000
255.000000
252.000000
253.000000
255.000000
125.000000
0.000000
0.000000
16.000000
40.000000
41.000000
45.000000
59.000000
68.000000
61.000000
90.000000
245.000000
255.000000
253.000000
251.000000
255.000000
255.000000
114.000000
0.000000
0.000000
0.000000
0.000000
0.000000
0.000000
0.000000
0.000000
0.000000
237.000000
255.000000
254.000000
254.000000
253.000000
255.000000
255.000000
181.000000
131.000000
110.000000
104.000000
109.000000
96.000000
95.000000
99.000000
149.000000
253.000000
255.000000
255.000000
254.000000
255.000000
252.000000
255.000000
255.000000
255.000000
255.000000
255.000000
255.000000
255.000000
255.000000
255.000000
255.000000
250.000000
255.000000
255.000000
255.000000
255.000000
255.000000
254.000000
255.000000
255.000000
255.000000
255.000000
255.000000
255.000000
255.000000
255.000000
255.000000
252.000000
255.000000
255.000000
255.000000
255.000000
255.000000
254.000000
253.000000
253.000000
253.000000
255.000000
254.000000
253.000000
254.000000
255.000000
251.000000
250.000000
