254.000000
251.000000
255.000000
255.000000
255.000000
255.000000
255.000000
255.000000
255.000000
255.000000
255.000000
255.000000
252.000000
251.000000
254.000000
255.000000
255.000000
255.000000
217.000000
87.000000
148.000000
220.000000
226.000000
235.000000
255.000000
255.000000
255.000000
255.000000
255.000000
255.000000
255.000000
255.000000
255.000000
246.000000
33.000000
0.000000
0.000000
0.000000
0.000000
1.000000
37.000000
78.000000
125.000000
175.000000
225.000000
255.000000
255.000000
255.000000
255.000000
161.000000
0.000000
71.000000
132.000000
101.000000
79.000000
51.000000
0.000000
0.000000
0.000000
0.000000
0.000000
41.000000
85.000000
182.000000
255.000000
83.000000
0.000000
229.000000
255.000000
255.000000
255.000000
255.000000
220.000000
169.000000
121.000000
57.000000
13.000000
0.000000
0.000000
141.000000
250.000000
16.000000
27.000000
255.000000
255.000000
254.000000
255.000000
255.000000
255.000000
255.000000
255.000000
255.000000
234.000000
193.000000
201.000000
255.000000
221.000000
0.000000
73.000000
255.000000
255.000000
252.000000
254.000000
254.000000
253.000000
254.000000
255.000000
255.000000
255.000000
255.000000
255.000000
255.000000
208.000000
0.000000
96.000000
255.000000
255.000000
255.000000
255.000000
255.000000
255.000000
255.000000
255.000000
255.000000
255.000000
255.000000
254.000000
255.000000
199.000000
0.000000
113.000000
255.000000
255.000000
254.000000
255.000000
255.000000
255.000000
255.000000
255.000000
255.000000
254.000000
255.000000
255.000000
255.000000
203.000000
0.000000
114.000000
255.000000
255.000000
255.000000
255.000000
255.000000
255.000000
255.000000
255.000000
255.000000
255.000000
255.000000
255.000000
255.000000
235.000000
0.000000
62.000000
255.000000
255.000000
253.000000
254.000000
255.000000
254.000000
253.000000
255.000000
255.000000
255.000000
255.000000
255.000000
255.000000
255.000000
67.000000
0.000000
246.000000
255.000000
254.000000
255.000000
255.000000
255.000000
255.000000
255.000000
235.000000
162.000000
79.000000
178.000000
255.000000
255.000000
188.000000
0.000000
94.000000
255.000000
255.000000
255.000000
255.000000
224.000000
144.000000
52.000000
0.000000
0.000000
0.000000
140.000000
255.000000
255.000000
255.000000
142.000000
0.000000
33.000000
79.000000
64.000000
32.000000
0.000000
0.000000
0.000000
15.000000
64.000000
134.000000
246.000000
255.000000
252.000000
255.000000
255.000000
198.000000
55.000000
8.000000
0.000000
12.000000
68.000000
134.000000
202.000000
243.000000
255.000000
255.000000
255.000000
253.000000
255.000000
254.000000
255.000000
255.000000
255.000000
246.000000
233.000000
246.000000
255.000000
255.000000
255.000000
255.000000
255.000000
255.000000
255.000000
255.000000
