255.000000
255.000000
255.000000
255.000000
251.000000
255.000000
255.000000
255.000000
255.000000
255.000000
255.000000
255.000000
254.000000
254.000000
255.000000
255.000000
255.000000
255.000000
255.000000
255.000000
255.000000
239.000000
190.000000
205.000000
205.000000
190.000000
217.000000
255.000000
255.000000
255.000000
254.000000
255.000000
255.000000
254.000000
253.000000
255.000000
234.000000
30.000000
0.000000
0.000000
0.000000
0.000000
7.000000
82.000000
127.000000
224.000000
255.000000
253.000000
254.000000
249.000000
253.000000
255.000000
94.000000
0.000000
0.000000
0.000000
0.000000
0.000000
0.000000
0.000000
0.000000
152.000000
255.000000
254.000000
254.000000
251.000000
255.000000
181.000000
0.000000
0.000000
4.000000
122.000000
114.000000
86.000000
91.000000
102.000000
137.000000
233.000000
255.000000
255.000000
252.000000
255.000000
254.000000
42.000000
0.000000
0.000000
111.000000
255.000000
255.000000
255.000000
255.000000
255.000000
255.000000
255.000000
255.000000
251.000000
251.000000
255.000000
165.000000
0.000000
0.000000
1.000000
226.000000
255.000000
255.000000
252.000000
255.000000
255.000000
246.000000
130.000000
45.000000
217.000000
255.000000
255.000000
94.000000
0.000000
0.000000
87.000000
255.000000
255.000000
255.000000
255.000000
252.000000
141.000000
30.000000
0.000000
86.000000
248.000000
255.000000
245.000000
29.000000
0.000000
9.000000
227.000000
255.000000
255.000000
255.000000
160.000000
43.000000
0.000000
0.000000
163.000000
255.000000
254.000000
255.000000
156.000000
0.000000
0.000000
150.000000
255.000000
255.000000
181.000000
56.000000
0.000000
0.000000
0.000000
87.000000
254.000000
255.000000
253.000000
255.000000
102.000000
0.000000
70.000000
255.000000
215.000000
76.000000
0.000000
0.000000
0.000000
0.000000
147.000000
255.000000
255.000000
251.000000
255.000000
254.000000
59.000000
0.000000
154.000000
157.000000
4.000000
0.000000
0.000000
0.000000
45.000000
198.000000
255.000000
255.000000
252.000000
253.000000
254.000000
172.000000
0.000000
0.000000
18.000000
0.000000
0.000000
0.000000
5.000000
123.000000
252.000000
255.000000
253.000000
251.000000
254.000000
255.000000
255.000000
222.000000
69.000000
0.000000
0.000000
0.000000
0.000000
82.000000
215.000000
255.000000
255.000000
252.000000
254.000000
255.000000
255.000000
255.000000
255.000000
255.000000
255.000000
58.000000
0.000000
45.000000
183.000000
255.000000
255.000000
255.000000
254.000000
251.000000
254.000000
255.000000
255.000000
255.000000
255.000000
249.000000
255.000000
243.000000
183.000000
249.000000
255.000000
255.000000
252.000000
254.000000
255.000000
254.000000
255.000000
255.000000
255.000000
255.000000
255.000000
