255.000000
255.000000
255.000000
251.000000
253.000000
252.000000
255.000000
255.000000
253.000000
254.000000
254.000000
253.000000
255.000000
255.000000
255.000000
255.000000
255.000000
255.000000
255.000000
251.000000
252.000000
253.000000
248.000000
221.000000
255.000000
255.000000
251.000000
251.000000
254.000000
255.000000
255.000000
255.000000
255.000000
255.000000
255.000000
252.000000
251.000000
255.000000
186.000000
16.000000
140.000000
255.000000
252.000000
249.000000
255.000000
254.000000
255.000000
255.000000
255.000000
254.000000
255.000000
252.000000
255.000000
255.000000
60.000000
0.000000
0.000000
153.000000
255.000000
251.000000
255.000000
254.000000
255.000000
255.000000
251.000000
250.000000
253.000000
255.000000
237.000000
63.000000
0.000000
6.000000
0.000000
158.000000
255.000000
252.000000
255.000000
254.000000
255.000000
255.000000
249.000000
249.000000
255.000000
233.000000
38.000000
0.000000
9.000000
0.000000
52.000000
254.000000
255.000000
253.000000
254.000000
254.000000
255.000000
255.000000
253.000000
255.000000
250.000000
44.000000
0.000000
9.000000
0.000000
60.000000
255.000000
255.000000
249.000000
252.000000
255.000000
255.000000
255.000000
255.000000
255.000000
255.000000
88.000000
0.000000
8.000000
10.000000
0.000000
57.000000
206.000000
255.000000
255.000000
255.000000
252.000000
255.000000
255.000000
255.000000
255.000000
178.000000
0.000000
0.000000
1.000000
6.000000
7.000000
0.000000
0.000000
87.000000
203.000000
255.000000
255.000000
255.000000
251.000000
253.000000
244.000000
26.000000
0.000000
2.000000
0.000000
0.000000
0.000000
5.000000
2.000000
0.000000
0.000000
101.000000
233.000000
255.000000
255.000000
255.000000
147.000000
0.000000
0.000000
168.000000
192.000000
151.000000
91.000000
0.000000
0.000000
4.000000
0.000000
0.000000
24.000000
96.000000
215.000000
255.000000
66.000000
0.000000
81.000000
255.000000
255.000000
255.000000
255.000000
167.000000
25.000000
0.000000
0.000000
0.000000
0.000000
0.000000
28.000000
159.000000
206.000000
138.000000
202.000000
255.000000
251.000000
249.000000
255.000000
255.000000
234.000000
141.000000
66.000000
9.000000
0.000000
0.000000
0.000000
56.000000
255.000000
255.000000
255.000000
254.000000
252.000000
253.000000
254.000000
255.000000
255.000000
255.000000
255.000000
214.000000
152.000000
67.000000
0.000000
58.000000
251.000000
255.000000
255.000000
255.000000
255.000000
255.000000
255.000000
255.000000
254.000000
255.000000
255.000000
255.000000
255.000000
255.000000
201.000000
172.000000
255.000000
255.000000
255.000000
255.000000
255.000000
255.000000
255.000000
255.000000
255.000000
255.000000
254.000000
252.000000
254.000000
255.000000
255.000000
255.000000
