255.000000
255.000000
255.000000
254.000000
255.000000
210.000000
157.000000
255.000000
254.000000
252.000000
254.000000
255.000000
255.000000
255.000000
255.000000
255.000000
255.000000
255.000000
255.000000
253.000000
255.000000
215.000000
13.000000
188.000000
255.000000
255.000000
253.000000
255.000000
255.000000
255.000000
255.000000
255.000000
255.000000
255.000000
255.000000
251.000000
255.000000
255.000000
25.000000
26.000000
205.000000
255.000000
255.000000
254.000000
255.000000
255.000000
255.000000
255.000000
255.000000
255.000000
255.000000
251.000000
255.000000
255.000000
76.000000
0.000000
1.000000
158.000000
255.000000
254.000000
254.000000
255.000000
255.000000
255.000000
255.000000
255.000000
254.000000
250.000000
255.000000
221.000000
28.000000
21.000000
0.000000
114.000000
255.000000
254.000000
254.000000
255.000000
255.000000
255.000000
255.000000
255.000000
255.000000
253.000000
255.000000
114.000000
0.000000
2.000000
49.000000
236.000000
254.000000
254.000000
255.000000
255.000000
255.000000
255.000000
255.000000
255.000000
254.000000
255.000000
239.000000
18.000000
0.000000
3.000000
219.000000
255.000000
249.000000
254.000000
254.000000
255.000000
255.000000
255.000000
249.000000
249.000000
254.000000
255.000000
105.000000
0.000000
0.000000
91.000000
255.000000
255.000000
255.000000
253.000000
248.000000
252.000000
253.000000
254.000000
248.000000
248.000000
255.000000
182.000000
0.000000
0.000000
35.000000
170.000000
130.000000
199.000000
255.000000
255.000000
252.000000
250.000000
250.000000
252.000000
250.000000
255.000000
225.000000
22.000000
0.000000
2.000000
223.000000
238.000000
0.000000
0.000000
91.000000
210.000000
255.000000
255.000000
255.000000
255.000000
255.000000
249.000000
52.000000
0.000000
0.000000
167.000000
255.000000
255.000000
217.000000
20.000000
0.000000
3.000000
136.000000
224.000000
238.000000
243.000000
255.000000
87.000000
0.000000
0.000000
157.000000
255.000000
252.000000
250.000000
255.000000
235.000000
58.000000
0.000000
0.000000
19.000000
19.000000
85.000000
80.000000
0.000000
0.000000
127.000000
255.000000
255.000000
249.000000
254.000000
254.000000
255.000000
251.000000
77.000000
0.000000
0.000000
0.000000
149.000000
156.000000
114.000000
124.000000
255.000000
255.000000
250.000000
255.000000
254.000000
253.000000
253.000000
255.000000
255.000000
119.000000
10.000000
72.000000
255.000000
255.000000
255.000000
255.000000
255.000000
247.000000
253.000000
253.000000
254.000000
253.000000
254.000000
254.000000
255.000000
255.000000
216.000000
250.000000
255.000000
254.000000
255.000000
255.000000
251.000000
255.000000
254.000000
253.000000
255.000000
255.000000
255.000000
252.000000
251.000000
255.000000
255.000000
255.000000
251.000000
