255.000000
255.000000
255.000000
253.000000
255.000000
255.000000
255.000000
253.000000
251.000000
255.000000
255.000000
255.000000
255.000000
255.000000
255.000000
255.000000
255.000000
255.000000
254.000000
255.000000
210.000000
88.000000
165.000000
255.000000
254.000000
252.000000
255.000000
255.000000
255.000000
255.000000
255.000000
255.000000
255.000000
254.000000
255.000000
229.000000
5.000000
0.000000
0.000000
162.000000
255.000000
253.000000
252.000000
250.000000
254.000000
255.000000
255.000000
255.000000
255.000000
254.000000
255.000000
234.000000
14.000000
0.000000
3.000000
0.000000
199.000000
255.000000
252.000000
250.000000
251.000000
253.000000
255.000000
255.000000
255.000000
255.000000
255.000000
255.000000
215.000000
14.000000
3.000000
0.000000
34.000000
248.000000
255.000000
251.000000
251.000000
254.000000
255.000000
255.000000
255.000000
255.000000
255.000000
253.000000
255.000000
189.000000
0.000000
10.000000
0.000000
89.000000
255.000000
255.000000
250.000000
255.000000
255.000000
255.000000
255.000000
254.000000
252.000000
252.000000
253.000000
255.000000
118.000000
0.000000
10.000000
0.000000
120.000000
255.000000
253.000000
254.000000
254.000000
254.000000
253.000000
252.000000
250.000000
250.000000
255.000000
255.000000
246.000000
0.000000
0.000000
8.000000
0.000000
134.000000
255.000000
255.000000
249.000000
251.000000
251.000000
255.000000
255.000000
255.000000
255.000000
252.000000
96.000000
15.000000
14.000000
12.000000
5.000000
0.000000
160.000000
255.000000
252.000000
251.000000
255.000000
255.000000
242.000000
177.000000
99.000000
52.000000
0.000000
88.000000
182.000000
0.000000
8.000000
9.000000
0.000000
189.000000
255.000000
253.000000
235.000000
110.000000
29.000000
0.000000
0.000000
0.000000
0.000000
113.000000
255.000000
158.000000
0.000000
8.000000
4.000000
5.000000
168.000000
255.000000
60.000000
0.000000
0.000000
0.000000
0.000000
46.000000
105.000000
223.000000
255.000000
255.000000
164.000000
0.000000
0.000000
0.000000
0.000000
235.000000
132.000000
0.000000
49.000000
130.000000
199.000000
251.000000
255.000000
255.000000
254.000000
255.000000
255.000000
164.000000
0.000000
0.000000
56.000000
251.000000
255.000000
205.000000
248.000000
255.000000
255.000000
255.000000
255.000000
253.000000
251.000000
252.000000
252.000000
255.000000
181.000000
0.000000
151.000000
255.000000
255.000000
255.000000
255.000000
254.000000
251.000000
251.000000
252.000000
253.000000
253.000000
254.000000
251.000000
255.000000
255.000000
181.000000
216.000000
254.000000
254.000000
254.000000
255.000000
252.000000
253.000000
254.000000
253.000000
255.000000
255.000000
253.000000
252.000000
249.000000
254.000000
255.000000
255.000000
249.000000
