255.000000
255.000000
255.000000
255.000000
255.000000
255.000000
255.000000
255.000000
255.000000
255.000000
255.000000
254.000000
254.000000
255.000000
255.000000
255.000000
255.000000
255.000000
255.000000
255.000000
163.000000
130.000000
149.000000
78.000000
71.000000
191.000000
255.000000
253.000000
252.000000
255.000000
255.000000
255.000000
255.000000
255.000000
255.000000
255.000000
124.000000
3.000000
0.000000
0.000000
0.000000
0.000000
168.000000
255.000000
252.000000
254.000000
255.000000
255.000000
255.000000
255.000000
255.000000
255.000000
255.000000
156.000000
0.000000
3.000000
0.000000
0.000000
103.000000
255.000000
253.000000
253.000000
255.000000
255.000000
255.000000
255.000000
255.000000
255.000000
231.000000
39.000000
0.000000
0.000000
18.000000
91.000000
235.000000
255.000000
252.000000
254.000000
255.000000
255.000000
255.000000
248.000000
255.000000
255.000000
57.000000
0.000000
0.000000
73.000000
227.000000
255.000000
255.000000
254.000000
254.000000
255.000000
255.000000
255.000000
255.000000
252.000000
255.000000
142.000000
0.000000
0.000000
105.000000
255.000000
255.000000
255.000000
254.000000
255.000000
255.000000
255.000000
255.000000
255.000000
253.000000
255.000000
232.000000
5.000000
0.000000
102.000000
255.000000
255.000000
250.000000
251.000000
254.000000
254.000000
255.000000
255.000000
255.000000
255.000000
255.000000
255.000000
113.000000
0.000000
55.000000
255.000000
255.000000
255.000000
255.000000
254.000000
255.000000
255.000000
255.000000
255.000000
255.000000
255.000000
255.000000
229.000000
4.000000
27.000000
255.000000
255.000000
255.000000
255.000000
255.000000
255.000000
255.000000
255.000000
255.000000
255.000000
254.000000
254.000000
255.000000
118.000000
0.000000
57.000000
180.000000
113.000000
93.000000
82.000000
70.000000
94.000000
84.000000
120.000000
185.000000
255.000000
255.000000
255.000000
234.000000
16.000000
0.000000
8.000000
0.000000
0.000000
0.000000
0.000000
0.000000
0.000000
0.000000
0.000000
0.000000
28.000000
132.000000
234.000000
175.000000
0.000000
0.000000
0.000000
0.000000
0.000000
25.000000
50.000000
82.000000
104.000000
127.000000
117.000000
118.000000
81.000000
106.000000
224.000000
216.000000
0.000000
0.000000
90.000000
150.000000
190.000000
232.000000
255.000000
255.000000
255.000000
255.000000
255.000000
255.000000
255.000000
255.000000
255.000000
255.000000
121.000000
166.000000
255.000000
255.000000
255.000000
255.000000
255.000000
255.000000
255.000000
255.000000
255.000000
255.000000
255.000000
255.000000
254.000000
255.000000
255.000000
255.000000
255.000000
255.000000
255.000000
255.000000
255.000000
255.000000
255.000000
255.000000
255.000000
255.000000
255.000000
255.000000
255.000000
