255.000000
255.000000
255.000000
255.000000
255.000000
255.000000
255.000000
221.000000
174.000000
221.000000
255.000000
255.000000
255.000000
255.000000
255.000000
255.000000
255.000000
255.000000
255.000000
255.000000
255.000000
255.000000
250.000000
31.000000
0.000000
13.000000
141.000000
255.000000
255.000000
255.000000
255.000000
255.000000
255.000000
255.000000
255.000000
255.000000
255.000000
255.000000
131.000000
0.000000
0.000000
0.000000
57.000000
255.000000
255.000000
255.000000
255.000000
255.000000
255.000000
255.000000
255.000000
255.000000
255.000000
236.000000
7.000000
0.000000
0.000000
20.000000
227.000000
255.000000
255.000000
255.000000
255.000000
255.000000
255.000000
255.000000
255.000000
255.000000
255.000000
103.000000
0.000000
0.000000
0.000000
154.000000
255.000000
255.000000
255.000000
255.000000
255.000000
255.000000
255.000000
255.000000
255.000000
255.000000
218.000000
0.000000
0.000000
0.000000
54.000000
255.000000
255.000000
255.000000
255.000000
255.000000
255.000000
255.000000
255.000000
255.000000
255.000000
255.000000
78.000000
0.000000
0.000000
0.000000
81.000000
228.000000
255.000000
255.000000
255.000000
255.000000
255.000000
255.000000
255.000000
255.000000
255.000000
213.000000
0.000000
0.000000
0.000000
0.000000
0.000000
0.000000
77.000000
171.000000
255.000000
255.000000
255.000000
255.000000
255.000000
255.000000
255.000000
110.000000
0.000000
0.000000
0.000000
51.000000
32.000000
0.000000
0.000000
0.000000
40.000000
163.000000
255.000000
255.000000
255.000000
255.000000
247.000000
19.000000
0.000000
0.000000
41.000000
255.000000
250.000000
160.000000
66.000000
0.000000
0.000000
0.000000
94.000000
255.000000
255.000000
255.000000
163.000000
0.000000
0.000000
0.000000
198.000000
255.000000
255.000000
255.000000
255.000000
203.000000
136.000000
70.000000
119.000000
255.000000
255.000000
255.000000
72.000000
0.000000
0.000000
95.000000
255.000000
255.000000
255.000000
255.000000
255.000000
255.000000
255.000000
255.000000
255.000000
255.000000
255.000000
240.000000
18.000000
0.000000
15.000000
241.000000
255.000000
255.000000
255.000000
255.000000
255.000000
255.000000
255.000000
255.000000
255.000000
255.000000
255.000000
241.000000
9.000000
0.000000
140.000000
255.000000
255.000000
255.000000
255.000000
255.000000
255.000000
255.000000
255.000000
255.000000
255.000000
255.000000
255.000000
255.000000
131.000000
20.000000
233.000000
255.000000
255.000000
255.000000
255.000000
255.000000
255.000000
255.000000
255.000000
255.000000
255.000000
255.000000
255.000000
255.000000
255.000000
230.000000
255.000000
255.000000
255.000000
255.000000
255.000000
255.000000
255.000000
255.000000
255.000000
255.000000
255.000000
255.000000
