255.000000
255.000000
255.000000
180.000000
179.000000
255.000000
255.000000
255.000000
255.000000
255.000000
255.000000
255.000000
255.000000
255.000000
255.000000
255.000000
255.000000
255.000000
197.000000
0.000000
0.000000
131.000000
255.000000
255.000000
255.000000
255.000000
255.000000
255.000000
255.000000
255.000000
255.000000
255.000000
255.000000
255.000000
141.000000
0.000000
0.000000
0.000000
215.000000
255.000000
255.000000
255.000000
255.000000
255.000000
255.000000
255.000000
255.000000
255.000000
255.000000
255.000000
106.000000
0.000000
0.000000
0.000000
146.000000
255.000000
255.000000
255.000000
255.000000
255.000000
255.000000
255.000000
255.000000
255.000000
255.000000
255.000000
72.000000
0.000000
0.000000
0.000000
122.000000
255.000000
255.000000
255.000000
255.000000
255.000000
255.000000
255.000000
255.000000
255.000000
255.000000
246.000000
46.000000
0.000000
0.000000
0.000000
89.000000
255.000000
255.000000
255.000000
255.000000
255.000000
255.000000
255.000000
255.000000
255.000000
255.000000
217.000000
25.000000
0.000000
0.000000
0.000000
43.000000
252.000000
255.000000
255.000000
255.000000
255.000000
255.000000
255.000000
255.000000
255.000000
255.000000
202.000000
13.000000
0.000000
0.000000
0.000000
4.000000
231.000000
255.000000
255.000000
255.000000
255.000000
255.000000
255.000000
255.000000
255.000000
255.000000
227.000000
28.000000
0.000000
0.000000
0.000000
0.000000
196.000000
255.000000
255.000000
255.000000
255.000000
202.000000
236.000000
255.000000
255.000000
255.000000
255.000000
61.000000
0.000000
0.000000
0.000000
0.000000
147.000000
255.000000
255.000000
255.000000
149.000000
9.000000
181.000000
255.000000
255.000000
255.000000
255.000000
149.000000
0.000000
0.000000
0.000000
0.000000
105.000000
255.000000
255.000000
150.000000
0.000000
0.000000
167.000000
255.000000
255.000000
255.000000
255.000000
251.000000
60.000000
0.000000
0.000000
0.000000
46.000000
187.000000
99.000000
0.000000
0.000000
90.000000
240.000000
255.000000
255.000000
255.000000
255.000000
255.000000
239.000000
58.000000
0.000000
0.000000
0.000000
0.000000
0.000000
4.000000
144.000000
255.000000
255.000000
255.000000
255.000000
255.000000
255.000000
255.000000
255.000000
252.000000
128.000000
49.000000
15.000000
38.000000
111.000000
218.000000
255.000000
255.000000
255.000000
255.000000
255.000000
255.000000
255.000000
255.000000
255.000000
255.000000
255.000000
253.000000
222.000000
249.000000
255.000000
255.000000
255.000000
255.000000
255.000000
255.000000
255.000000
255.000000
255.000000
255.000000
255.000000
255.000000
255.000000
255.000000
255.000000
255.000000
255.000000
255.000000
255.000000
255.000000
255.000000
255.000000
255.000000
