255.000000
255.000000
255.000000
255.000000
255.000000
255.000000
255.000000
255.000000
255.000000
243.000000
255.000000
255.000000
255.000000
255.000000
255.000000
255.000000
255.000000
255.000000
255.000000
255.000000
255.000000
255.000000
255.000000
239.000000
67.000000
24.000000
88.000000
167.000000
221.000000
255.000000
255.000000
255.000000
255.000000
255.000000
255.000000
255.000000
255.000000
255.000000
255.000000
97.000000
0.000000
0.000000
0.000000
0.000000
10.000000
119.000000
253.000000
255.000000
255.000000
255.000000
255.000000
255.000000
255.000000
255.000000
178.000000
0.000000
0.000000
0.000000
0.000000
0.000000
0.000000
36.000000
251.000000
255.000000
255.000000
255.000000
255.000000
255.000000
255.000000
230.000000
16.000000
0.000000
0.000000
0.000000
0.000000
0.000000
13.000000
202.000000
255.000000
255.000000
255.000000
255.000000
255.000000
255.000000
255.000000
71.000000
0.000000
0.000000
0.000000
0.000000
0.000000
18.000000
202.000000
255.000000
255.000000
255.000000
255.000000
255.000000
255.000000
255.000000
163.000000
0.000000
0.000000
0.000000
0.000000
0.000000
9.000000
179.000000
255.000000
255.000000
255.000000
255.000000
255.000000
255.000000
255.000000
243.000000
21.000000
0.000000
0.000000
0.000000
0.000000
0.000000
32.000000
251.000000
255.000000
255.000000
255.000000
255.000000
255.000000
255.000000
255.000000
129.000000
0.000000
0.000000
0.000000
0.000000
0.000000
0.000000
4.000000
173.000000
255.000000
255.000000
254.000000
255.000000
255.000000
255.000000
236.000000
19.000000
0.000000
0.000000
0.000000
0.000000
0.000000
0.000000
0.000000
24.000000
228.000000
255.000000
254.000000
255.000000
255.000000
255.000000
131.000000
0.000000
0.000000
0.000000
0.000000
28.000000
24.000000
0.000000
0.000000
0.000000
57.000000
249.000000
255.000000
255.000000
255.000000
255.000000
89.000000
0.000000
0.000000
0.000000
3.000000
211.000000
212.000000
14.000000
0.000000
0.000000
0.000000
120.000000
254.000000
255.000000
255.000000
255.000000
200.000000
16.000000
0.000000
0.000000
173.000000
255.000000
255.000000
210.000000
50.000000
0.000000
0.000000
30.000000
249.000000
255.000000
255.000000
255.000000
255.000000
215.000000
71.000000
134.000000
255.000000
255.000000
255.000000
255.000000
252.000000
170.000000
141.000000
191.000000
254.000000
255.000000
255.000000
255.000000
255.000000
255.000000
255.000000
255.000000
255.000000
255.000000
255.000000
255.000000
255.000000
255.000000
255.000000
255.000000
255.000000
255.000000
255.000000
255.000000
255.000000
255.000000
255.000000
255.000000
255.000000
255.000000
255.000000
255.000000
255.000000
255.000000
255.000000
255.000000
255.000000
255.000000
