255.000000
255.000000
255.000000
255.000000
255.000000
248.000000
255.000000
255.000000
255.000000
255.000000
255.000000
255.000000
255.000000
255.000000
255.000000
255.000000
255.000000
255.000000
255.000000
255.000000
176.000000
30.000000
68.000000
173.000000
254.000000
255.000000
255.000000
255.000000
255.000000
255.000000
255.000000
255.000000
255.000000
255.000000
255.000000
255.000000
98.000000
0.000000
0.000000
39.000000
254.000000
255.000000
255.000000
255.000000
255.000000
255.000000
255.000000
255.000000
255.000000
255.000000
255.000000
242.000000
24.000000
0.000000
0.000000
106.000000
255.000000
255.000000
255.000000
255.000000
255.000000
255.000000
255.000000
255.000000
255.000000
255.000000
255.000000
178.000000
0.000000
0.000000
0.000000
160.000000
255.000000
255.000000
255.000000
255.000000
255.000000
255.000000
255.000000
255.000000
255.000000
255.000000
255.000000
100.000000
0.000000
0.000000
0.000000
187.000000
255.000000
255.000000
255.000000
255.000000
255.000000
255.000000
255.000000
255.000000
255.000000
255.000000
246.000000
37.000000
0.000000
0.000000
24.000000
230.000000
255.000000
255.000000
255.000000
255.000000
255.000000
255.000000
255.000000
255.000000
255.000000
255.000000
194.000000
0.000000
0.000000
0.000000
77.000000
255.000000
255.000000
255.000000
255.000000
255.000000
255.000000
255.000000
255.000000
255.000000
255.000000
255.000000
150.000000
0.000000
0.000000
0.000000
164.000000
255.000000
255.000000
255.000000
255.000000
255.000000
255.000000
255.000000
255.000000
255.000000
255.000000
255.000000
112.000000
0.000000
0.000000
23.000000
246.000000
255.000000
255.000000
255.000000
255.000000
255.000000
255.000000
255.000000
255.000000
255.000000
255.000000
255.000000
92.000000
0.000000
0.000000
53.000000
230.000000
253.000000
255.000000
253.000000
255.000000
251.000000
218.000000
208.000000
249.000000
255.000000
255.000000
255.000000
202.000000
3.000000
0.000000
0.000000
13.000000
38.000000
44.000000
34.000000
24.000000
4.000000
0.000000
104.000000
247.000000
255.000000
255.000000
255.000000
255.000000
190.000000
28.000000
0.000000
0.000000
0.000000
0.000000
0.000000
7.000000
73.000000
183.000000
253.000000
255.000000
255.000000
255.000000
255.000000
255.000000
255.000000
238.000000
154.000000
95.000000
84.000000
117.000000
188.000000
249.000000
255.000000
255.000000
255.000000
255.000000
255.000000
255.000000
255.000000
255.000000
255.000000
255.000000
255.000000
255.000000
255.000000
255.000000
255.000000
255.000000
255.000000
255.000000
255.000000
255.000000
255.000000
255.000000
255.000000
255.000000
255.000000
255.000000
255.000000
255.000000
255.000000
255.000000
255.000000
255.000000
255.000000
255.000000
255.000000
255.000000
255.000000
