255.000000
255.000000
255.000000
255.000000
255.000000
255.000000
255.000000
255.000000
255.000000
255.000000
255.000000
255.000000
255.000000
255.000000
255.000000
255.000000
255.000000
218.000000
239.000000
255.000000
255.000000
255.000000
255.000000
255.000000
255.000000
255.000000
255.000000
255.000000
255.000000
255.000000
255.000000
255.000000
255.000000
79.000000
40.000000
173.000000
255.000000
255.000000
255.000000
255.000000
255.000000
255.000000
255.000000
255.000000
255.000000
255.000000
255.000000
255.000000
255.000000
78.000000
0.000000
0.000000
136.000000
255.000000
255.000000
255.000000
255.000000
255.000000
255.000000
255.000000
255.000000
255.000000
255.000000
255.000000
255.000000
141.000000
0.000000
0.000000
0.000000
137.000000
255.000000
255.000000
255.000000
255.000000
255.000000
255.000000
255.000000
255.000000
255.000000
255.000000
255.000000
208.000000
3.000000
0.000000
0.000000
0.000000
184.000000
255.000000
255.000000
255.000000
255.000000
255.000000
255.000000
255.000000
255.000000
255.000000
255.000000
255.000000
66.000000
0.000000
0.000000
0.000000
15.000000
226.000000
255.000000
255.000000
255.000000
255.000000
255.000000
197.000000
217.000000
255.000000
255.000000
255.000000
178.000000
0.000000
0.000000
0.000000
0.000000
49.000000
238.000000
255.000000
255.000000
226.000000
94.000000
0.000000
63.000000
255.000000
255.000000
255.000000
255.000000
92.000000
0.000000
0.000000
0.000000
0.000000
49.000000
152.000000
123.000000
24.000000
0.000000
0.000000
96.000000
255.000000
255.000000
255.000000
255.000000
247.000000
54.000000
0.000000
0.000000
0.000000
0.000000
0.000000
0.000000
0.000000
0.000000
25.000000
236.000000
255.000000
255.000000
255.000000
255.000000
255.000000
238.000000
66.000000
0.000000
0.000000
0.000000
0.000000
0.000000
0.000000
0.000000
175.000000
255.000000
255.000000
255.000000
255.000000
255.000000
255.000000
255.000000
255.000000
141.000000
34.000000
0.000000
0.000000
0.000000
3.000000
148.000000
255.000000
255.000000
255.000000
255.000000
255.000000
255.000000
255.000000
255.000000
255.000000
255.000000
239.000000
187.000000
163.000000
164.000000
205.000000
255.000000
255.000000
255.000000
255.000000
255.000000
255.000000
255.000000
255.000000
255.000000
255.000000
255.000000
255.000000
255.000000
255.000000
255.000000
255.000000
255.000000
255.000000
255.000000
255.000000
255.000000
255.000000
255.000000
255.000000
255.000000
255.000000
255.000000
255.000000
255.000000
255.000000
255.000000
255.000000
255.000000
255.000000
255.000000
255.000000
255.000000
255.000000
255.000000
255.000000
255.000000
255.000000
255.000000
255.000000
255.000000
255.000000
255.000000
255.000000
255.000000
255.000000
255.000000
255.000000
