255.000000
255.000000
255.000000
255.000000
255.000000
255.000000
255.000000
255.000000
255.000000
255.000000
255.000000
255.000000
47.000000
156.000000
255.000000
255.000000
255.000000
255.000000
255.000000
255.000000
255.000000
255.000000
255.000000
255.000000
255.000000
255.000000
255.000000
107.000000
19.000000
249.000000
255.000000
255.000000
255.000000
225.000000
233.000000
255.000000
255.000000
255.000000
255.000000
255.000000
255.000000
255.000000
197.000000
0.000000
161.000000
255.000000
255.000000
255.000000
255.000000
165.000000
32.000000
195.000000
255.000000
255.000000
255.000000
255.000000
255.000000
246.000000
20.000000
10.000000
255.000000
255.000000
255.000000
255.000000
255.000000
211.000000
0.000000
22.000000
255.000000
255.000000
255.000000
255.000000
255.000000
84.000000
0.000000
131.000000
255.000000
255.000000
255.000000
255.000000
255.000000
253.000000
30.000000
0.000000
162.000000
255.000000
255.000000
255.000000
128.000000
0.000000
14.000000
243.000000
255.000000
255.000000
255.000000
255.000000
255.000000
255.000000
91.000000
0.000000
44.000000
255.000000
255.000000
174.000000
0.000000
0.000000
133.000000
255.000000
255.000000
255.000000
255.000000
255.000000
255.000000
255.000000
141.000000
0.000000
0.000000
152.000000
158.000000
9.000000
0.000000
15.000000
241.000000
255.000000
255.000000
255.000000
255.000000
255.000000
255.000000
255.000000
191.000000
0.000000
0.000000
0.000000
0.000000
0.000000
0.000000
107.000000
255.000000
255.000000
255.000000
255.000000
255.000000
255.000000
255.000000
255.000000
240.000000
4.000000
0.000000
0.000000
0.000000
0.000000
0.000000
196.000000
255.000000
255.000000
255.000000
255.000000
255.000000
255.000000
255.000000
255.000000
255.000000
62.000000
0.000000
0.000000
0.000000
0.000000
31.000000
253.000000
255.000000
255.000000
255.000000
255.000000
255.000000
255.000000
255.000000
255.000000
255.000000
149.000000
0.000000
0.000000
0.000000
0.000000
98.000000
255.000000
255.000000
255.000000
255.000000
255.000000
255.000000
255.000000
255.000000
255.000000
255.000000
235.000000
0.000000
0.000000
0.000000
0.000000
189.000000
255.000000
255.000000
255.000000
255.000000
255.000000
255.000000
255.000000
255.000000
255.000000
255.000000
255.000000
156.000000
0.000000
0.000000
45.000000
255.000000
255.000000
255.000000
255.000000
255.000000
255.000000
255.000000
255.000000
255.000000
255.000000
255.000000
255.000000
255.000000
164.000000
83.000000
209.000000
255.000000
255.000000
255.000000
255.000000
255.000000
255.000000
255.000000
255.000000
255.000000
255.000000
255.000000
255.000000
255.000000
255.000000
255.000000
255.000000
255.000000
255.000000
255.000000
255.000000
255.000000
255.000000
255.000000
255.000000
