255.000000
255.000000
255.000000
255.000000
255.000000
255.000000
255.000000
183.000000
188.000000
255.000000
255.000000
255.000000
255.000000
255.000000
255.000000
255.000000
255.000000
255.000000
255.000000
255.000000
255.000000
255.000000
228.000000
13.000000
0.000000
114.000000
232.000000
255.000000
255.000000
255.000000
255.000000
255.000000
255.000000
255.000000
255.000000
255.000000
255.000000
252.000000
60.000000
0.000000
0.000000
0.000000
112.000000
255.000000
255.000000
255.000000
255.000000
255.000000
255.000000
255.000000
254.000000
255.000000
255.000000
105.000000
0.000000
0.000000
0.000000
0.000000
105.000000
255.000000
255.000000
255.000000
255.000000
255.000000
255.000000
255.000000
255.000000
255.000000
163.000000
0.000000
0.000000
0.000000
0.000000
1.000000
197.000000
255.000000
255.000000
255.000000
255.000000
255.000000
255.000000
255.000000
255.000000
215.000000
7.000000
0.000000
0.000000
0.000000
0.000000
85.000000
255.000000
255.000000
255.000000
255.000000
255.000000
255.000000
255.000000
255.000000
251.000000
48.000000
0.000000
0.000000
0.000000
0.000000
5.000000
221.000000
255.000000
255.000000
255.000000
255.000000
255.000000
255.000000
255.000000
255.000000
113.000000
0.000000
0.000000
1.000000
0.000000
0.000000
4.000000
111.000000
140.000000
179.000000
255.000000
255.000000
255.000000
255.000000
255.000000
202.000000
0.000000
0.000000
0.000000
1.000000
0.000000
46.000000
171.000000
7.000000
0.000000
0.000000
91.000000
255.000000
255.000000
255.000000
255.000000
63.000000
0.000000
0.000000
0.000000
0.000000
11.000000
209.000000
255.000000
171.000000
0.000000
0.000000
0.000000
113.000000
255.000000
255.000000
195.000000
0.000000
0.000000
0.000000
0.000000
8.000000
188.000000
255.000000
255.000000
255.000000
83.000000
0.000000
0.000000
0.000000
168.000000
255.000000
143.000000
0.000000
0.000000
0.000000
0.000000
181.000000
255.000000
255.000000
255.000000
255.000000
207.000000
4.000000
0.000000
0.000000
98.000000
255.000000
182.000000
0.000000
0.000000
0.000000
161.000000
255.000000
255.000000
255.000000
255.000000
255.000000
255.000000
89.000000
0.000000
1.000000
204.000000
255.000000
255.000000
184.000000
129.000000
183.000000
255.000000
255.000000
255.000000
255.000000
255.000000
255.000000
255.000000
162.000000
0.000000
142.000000
255.000000
255.000000
255.000000
255.000000
255.000000
255.000000
255.000000
255.000000
255.000000
255.000000
255.000000
255.000000
255.000000
218.000000
148.000000
255.000000
255.000000
255.000000
255.000000
255.000000
255.000000
255.000000
255.000000
255.000000
255.000000
255.000000
255.000000
255.000000
255.000000
255.000000
255.000000
255.000000
255.000000
255.000000
