255.000000
255.000000
255.000000
255.000000
255.000000
255.000000
255.000000
255.000000
255.000000
197.000000
255.000000
255.000000
255.000000
255.000000
255.000000
255.000000
255.000000
255.000000
255.000000
255.000000
255.000000
255.000000
255.000000
255.000000
153.000000
0.000000
101.000000
255.000000
255.000000
255.000000
255.000000
255.000000
255.000000
255.000000
255.000000
255.000000
255.000000
255.000000
255.000000
236.000000
17.000000
0.000000
0.000000
134.000000
255.000000
255.000000
255.000000
255.000000
255.000000
255.000000
255.000000
255.000000
255.000000
255.000000
255.000000
85.000000
0.000000
0.000000
0.000000
2.000000
220.000000
255.000000
255.000000
255.000000
255.000000
255.000000
255.000000
255.000000
255.000000
255.000000
166.000000
0.000000
0.000000
0.000000
0.000000
1.000000
210.000000
255.000000
255.000000
255.000000
255.000000
255.000000
255.000000
255.000000
255.000000
174.000000
7.000000
0.000000
0.000000
0.000000
0.000000
57.000000
254.000000
255.000000
255.000000
255.000000
255.000000
254.000000
255.000000
255.000000
190.000000
0.000000
0.000000
1.000000
1.000000
0.000000
0.000000
186.000000
255.000000
255.000000
255.000000
255.000000
255.000000
255.000000
255.000000
255.000000
78.000000
0.000000
0.000000
1.000000
1.000000
0.000000
0.000000
107.000000
255.000000
255.000000
255.000000
255.000000
255.000000
255.000000
255.000000
247.000000
32.000000
0.000000
0.000000
1.000000
0.000000
0.000000
0.000000
0.000000
57.000000
231.000000
255.000000
255.000000
255.000000
255.000000
255.000000
153.000000
0.000000
0.000000
0.000000
0.000000
0.000000
0.000000
0.000000
0.000000
0.000000
30.000000
214.000000
255.000000
255.000000
255.000000
249.000000
47.000000
0.000000
0.000000
0.000000
0.000000
88.000000
141.000000
64.000000
0.000000
0.000000
0.000000
46.000000
246.000000
255.000000
255.000000
192.000000
0.000000
0.000000
0.000000
0.000000
89.000000
255.000000
255.000000
255.000000
182.000000
16.000000
0.000000
23.000000
244.000000
255.000000
255.000000
146.000000
0.000000
0.000000
0.000000
61.000000
253.000000
255.000000
255.000000
255.000000
249.000000
2.000000
0.000000
172.000000
255.000000
255.000000
255.000000
190.000000
0.000000
0.000000
36.000000
237.000000
255.000000
255.000000
255.000000
255.000000
126.000000
4.000000
173.000000
255.000000
255.000000
255.000000
255.000000
255.000000
125.000000
45.000000
211.000000
255.000000
255.000000
255.000000
255.000000
247.000000
128.000000
201.000000
255.000000
255.000000
255.000000
255.000000
255.000000
255.000000
255.000000
247.000000
255.000000
255.000000
255.000000
255.000000
255.000000
249.000000
254.000000
255.000000
255.000000
255.000000
255.000000
