255.000000
255.000000
255.000000
255.000000
255.000000
255.000000
255.000000
255.000000
255.000000
255.000000
134.000000
36.000000
218.000000
255.000000
255.000000
255.000000
255.000000
255.000000
255.000000
255.000000
255.000000
255.000000
255.000000
255.000000
255.000000
126.000000
0.000000
0.000000
126.000000
255.000000
255.000000
255.000000
255.000000
255.000000
255.000000
255.000000
255.000000
255.000000
255.000000
255.000000
138.000000
0.000000
0.000000
0.000000
19.000000
250.000000
255.000000
255.000000
255.000000
255.000000
255.000000
255.000000
255.000000
255.000000
255.000000
178.000000
0.000000
0.000000
0.000000
0.000000
13.000000
249.000000
255.000000
255.000000
255.000000
255.000000
255.000000
255.000000
255.000000
255.000000
230.000000
14.000000
0.000000
0.000000
0.000000
7.000000
190.000000
255.000000
255.000000
255.000000
255.000000
255.000000
255.000000
255.000000
255.000000
255.000000
71.000000
0.000000
0.000000
0.000000
1.000000
180.000000
255.000000
255.000000
255.000000
255.000000
255.000000
255.000000
255.000000
255.000000
255.000000
155.000000
0.000000
0.000000
0.000000
0.000000
120.000000
255.000000
255.000000
255.000000
255.000000
255.000000
255.000000
255.000000
255.000000
255.000000
230.000000
10.000000
0.000000
0.000000
0.000000
0.000000
133.000000
255.000000
255.000000
255.000000
255.000000
255.000000
255.000000
255.000000
255.000000
255.000000
77.000000
0.000000
0.000000
0.000000
0.000000
0.000000
71.000000
255.000000
255.000000
255.000000
255.000000
255.000000
255.000000
255.000000
255.000000
166.000000
0.000000
0.000000
0.000000
46.000000
129.000000
0.000000
19.000000
249.000000
255.000000
255.000000
255.000000
255.000000
255.000000
255.000000
232.000000
13.000000
0.000000
0.000000
0.000000
202.000000
252.000000
0.000000
0.000000
202.000000
255.000000
255.000000
255.000000
255.000000
255.000000
255.000000
91.000000
0.000000
0.000000
0.000000
94.000000
255.000000
255.000000
42.000000
0.000000
144.000000
255.000000
255.000000
255.000000
255.000000
255.000000
200.000000
0.000000
0.000000
0.000000
26.000000
240.000000
255.000000
255.000000
150.000000
0.000000
57.000000
255.000000
255.000000
255.000000
255.000000
255.000000
178.000000
0.000000
0.000000
0.000000
178.000000
255.000000
255.000000
255.000000
252.000000
45.000000
0.000000
227.000000
255.000000
255.000000
255.000000
255.000000
245.000000
30.000000
0.000000
111.000000
255.000000
255.000000
255.000000
255.000000
255.000000
237.000000
103.000000
212.000000
255.000000
255.000000
255.000000
255.000000
255.000000
183.000000
134.000000
255.000000
255.000000
255.000000
255.000000
255.000000
255.000000
255.000000
255.000000
255.000000
255.000000
255.000000
255.000000
