255.000000
255.000000
255.000000
255.000000
255.000000
255.000000
255.000000
255.000000
255.000000
255.000000
255.000000
255.000000
255.000000
255.000000
255.000000
255.000000
255.000000
205.000000
184.000000
255.000000
255.000000
255.000000
255.000000
255.000000
255.000000
255.000000
255.000000
255.000000
255.000000
255.000000
255.000000
255.000000
255.000000
55.000000
0.000000
102.000000
255.000000
255.000000
255.000000
255.000000
255.000000
255.000000
255.000000
255.000000
255.000000
240.000000
218.000000
255.000000
255.000000
44.000000
0.000000
0.000000
145.000000
255.000000
255.000000
255.000000
255.000000
255.000000
255.000000
255.000000
255.000000
51.000000
139.000000
255.000000
255.000000
53.000000
0.000000
0.000000
30.000000
251.000000
255.000000
255.000000
255.000000
255.000000
255.000000
255.000000
78.000000
0.000000
207.000000
255.000000
255.000000
72.000000
0.000000
0.000000
0.000000
205.000000
255.000000
255.000000
255.000000
255.000000
255.000000
107.000000
0.000000
36.000000
255.000000
255.000000
255.000000
123.000000
0.000000
0.000000
0.000000
139.000000
255.000000
255.000000
255.000000
255.000000
120.000000
0.000000
0.000000
127.000000
255.000000
255.000000
255.000000
174.000000
0.000000
0.000000
0.000000
77.000000
255.000000
255.000000
255.000000
134.000000
0.000000
0.000000
3.000000
229.000000
255.000000
255.000000
255.000000
226.000000
4.000000
0.000000
0.000000
26.000000
253.000000
255.000000
121.000000
0.000000
0.000000
0.000000
115.000000
255.000000
255.000000
255.000000
255.000000
255.000000
48.000000
0.000000
0.000000
0.000000
62.000000
55.000000
0.000000
0.000000
0.000000
21.000000
244.000000
255.000000
255.000000
255.000000
255.000000
255.000000
154.000000
0.000000
0.000000
0.000000
0.000000
0.000000
0.000000
0.000000
0.000000
193.000000
255.000000
255.000000
255.000000
255.000000
255.000000
255.000000
255.000000
74.000000
0.000000
0.000000
0.000000
0.000000
0.000000
0.000000
174.000000
255.000000
255.000000
255.000000
255.000000
255.000000
255.000000
255.000000
255.000000
252.000000
101.000000
7.000000
0.000000
0.000000
63.000000
198.000000
255.000000
255.000000
255.000000
255.000000
255.000000
255.000000
255.000000
255.000000
255.000000
255.000000
255.000000
208.000000
164.000000
192.000000
255.000000
255.000000
255.000000
255.000000
255.000000
255.000000
255.000000
255.000000
255.000000
255.000000
255.000000
255.000000
255.000000
255.000000
255.000000
255.000000
255.000000
255.000000
255.000000
255.000000
255.000000
255.000000
255.000000
255.000000
255.000000
255.000000
255.000000
255.000000
255.000000
255.000000
255.000000
255.000000
255.000000
255.000000
255.000000
255.000000
255.000000
255.000000
255.000000
255.000000
