255.000000
255.000000
255.000000
254.000000
255.000000
255.000000
255.000000
255.000000
255.000000
246.000000
249.000000
255.000000
254.000000
255.000000
255.000000
255.000000
255.000000
243.000000
60.000000
166.000000
255.000000
255.000000
255.000000
255.000000
255.000000
255.000000
84.000000
89.000000
255.000000
255.000000
232.000000
251.000000
255.000000
255.000000
231.000000
107.000000
110.000000
43.000000
66.000000
252.000000
255.000000
254.000000
255.000000
179.000000
71.000000
130.000000
209.000000
255.000000
255.000000
252.000000
253.000000
255.000000
255.000000
255.000000
255.000000
255.000000
255.000000
254.000000
255.000000
253.000000
254.000000
251.000000
254.000000
255.000000
