186.000000
208.000000
255.000000
255.000000
255.000000
255.000000
255.000000
255.000000
42.000000
131.000000
255.000000
255.000000
255.000000
255.000000
255.000000
255.000000
80.000000
146.000000
255.000000
255.000000
255.000000
255.000000
255.000000
255.000000
82.000000
147.000000
255.000000
255.000000
255.000000
255.000000
255.000000
255.000000
81.000000
153.000000
255.000000
255.000000
255.000000
255.000000
255.000000
255.000000
74.000000
156.000000
255.000000
255.000000
255.000000
255.000000
255.000000
255.000000
86.000000
4.000000
53.000000
47.000000
47.000000
48.000000
27.000000
105.000000
220.000000
88.000000
89.000000
95.000000
95.000000
96.000000
71.000000
146.000000
