255.000000
255.000000
253.000000
255.000000
255.000000
255.000000
255.000000
255.000000
254.000000
255.000000
226.000000
112.000000
234.000000
255.000000
253.000000
254.000000
253.000000
255.000000
222.000000
0.000000
161.000000
255.000000
255.000000
252.000000
255.000000
237.000000
48.000000
91.000000
84.000000
87.000000
245.000000
254.000000
228.000000
111.000000
118.000000
255.000000
198.000000
25.000000
205.000000
255.000000
217.000000
209.000000
255.000000
255.000000
255.000000
255.000000
244.000000
253.000000
255.000000
255.000000
255.000000
252.000000
251.000000
255.000000
255.000000
254.000000
252.000000
254.000000
255.000000
253.000000
255.000000
254.000000
254.000000
255.000000
