130.000000
161.000000
255.000000
255.000000
255.000000
255.000000
255.000000
255.000000
166.000000
65.000000
255.000000
255.000000
255.000000
255.000000
255.000000
255.000000
188.000000
89.000000
255.000000
255.000000
255.000000
255.000000
255.000000
255.000000
183.000000
89.000000
255.000000
255.000000
255.000000
255.000000
255.000000
255.000000
183.000000
88.000000
255.000000
255.000000
255.000000
255.000000
255.000000
255.000000
180.000000
94.000000
255.000000
255.000000
255.000000
255.000000
255.000000
255.000000
177.000000
50.000000
240.000000
244.000000
238.000000
224.000000
177.000000
131.000000
240.000000
87.000000
88.000000
107.000000
101.000000
102.000000
84.000000
130.000000
