255.000000
255.000000
255.000000
255.000000
255.000000
255.000000
255.000000
255.000000
116.000000
145.000000
255.000000
255.000000
255.000000
255.000000
255.000000
255.000000
177.000000
36.000000
251.000000
255.000000
255.000000
255.000000
255.000000
255.000000
226.000000
86.000000
253.000000
255.000000
255.000000
255.000000
255.000000
255.000000
213.000000
94.000000
255.000000
255.000000
255.000000
255.000000
255.000000
255.000000
209.000000
91.000000
255.000000
255.000000
255.000000
255.000000
255.000000
255.000000
217.000000
69.000000
230.000000
245.000000
238.000000
234.000000
178.000000
170.000000
255.000000
171.000000
134.000000
159.000000
147.000000
137.000000
95.000000
128.000000
