225.000000
195.000000
246.000000
255.000000
255.000000
255.000000
255.000000
255.000000
79.000000
0.000000
204.000000
255.000000
255.000000
255.000000
255.000000
255.000000
90.000000
0.000000
205.000000
255.000000
255.000000
254.000000
255.000000
255.000000
97.000000
0.000000
206.000000
255.000000
255.000000
254.000000
253.000000
254.000000
96.000000
0.000000
237.000000
255.000000
255.000000
255.000000
255.000000
255.000000
92.000000
0.000000
133.000000
161.000000
157.000000
158.000000
146.000000
204.000000
102.000000
0.000000
0.000000
0.000000
0.000000
0.000000
0.000000
82.000000
234.000000
171.000000
174.000000
175.000000
175.000000
175.000000
164.000000
214.000000
