127.000000
151.000000
255.000000
255.000000
255.000000
255.000000
255.000000
255.000000
14.000000
72.000000
255.000000
255.000000
255.000000
255.000000
255.000000
255.000000
57.000000
91.000000
255.000000
255.000000
255.000000
255.000000
255.000000
255.000000
56.000000
91.000000
255.000000
255.000000
255.000000
255.000000
255.000000
255.000000
56.000000
91.000000
255.000000
255.000000
255.000000
255.000000
255.000000
255.000000
50.000000
108.000000
255.000000
255.000000
255.000000
255.000000
255.000000
255.000000
42.000000
14.000000
95.000000
79.000000
79.000000
79.000000
78.000000
118.000000
154.000000
73.000000
59.000000
62.000000
62.000000
63.000000
51.000000
110.000000
