255.000000
255.000000
255.000000
255.000000
255.000000
255.000000
255.000000
255.000000
175.000000
49.000000
27.000000
21.000000
24.000000
23.000000
15.000000
119.000000
112.000000
0.000000
26.000000
47.000000
39.000000
39.000000
32.000000
137.000000
122.000000
0.000000
192.000000
255.000000
255.000000
255.000000
255.000000
255.000000
123.000000
0.000000
196.000000
255.000000
255.000000
255.000000
255.000000
255.000000
121.000000
0.000000
170.000000
246.000000
234.000000
235.000000
229.000000
242.000000
109.000000
0.000000
0.000000
0.000000
0.000000
0.000000
0.000000
39.000000
216.000000
104.000000
95.000000
92.000000
94.000000
94.000000
86.000000
132.000000
