138.000000
81.000000
196.000000
255.000000
249.000000
250.000000
251.000000
252.000000
96.000000
38.000000
177.000000
255.000000
248.000000
249.000000
250.000000
252.000000
114.000000
56.000000
183.000000
255.000000
249.000000
250.000000
250.000000
252.000000
110.000000
57.000000
183.000000
255.000000
249.000000
250.000000
250.000000
251.000000
108.000000
56.000000
192.000000
255.000000
255.000000
255.000000
255.000000
255.000000
105.000000
66.000000
173.000000
245.000000
244.000000
250.000000
252.000000
254.000000
65.000000
70.000000
71.000000
75.000000
78.000000
88.000000
65.000000
150.000000
149.000000
137.000000
136.000000
125.000000
118.000000
116.000000
81.000000
163.000000
