249.000000
144.000000
151.000000
147.000000
136.000000
128.000000
100.000000
155.000000
253.000000
99.000000
39.000000
74.000000
93.000000
105.000000
95.000000
21.000000
255.000000
255.000000
255.000000
255.000000
255.000000
255.000000
255.000000
96.000000
255.000000
255.000000
255.000000
248.000000
213.000000
170.000000
127.000000
73.000000
144.000000
72.000000
95.000000
77.000000
96.000000
132.000000
135.000000
81.000000
215.000000
132.000000
175.000000
221.000000
255.000000
255.000000
255.000000
97.000000
255.000000
255.000000
255.000000
255.000000
255.000000
255.000000
232.000000
88.000000
255.000000
255.000000
255.000000
255.000000
255.000000
255.000000
228.000000
158.000000
