255.000000
255.000000
255.000000
255.000000
255.000000
255.000000
255.000000
255.000000
255.000000
252.000000
247.000000
255.000000
255.000000
255.000000
255.000000
255.000000
255.000000
207.000000
158.000000
255.000000
255.000000
255.000000
255.000000
255.000000
255.000000
209.000000
86.000000
188.000000
183.000000
221.000000
255.000000
255.000000
255.000000
253.000000
152.000000
138.000000
130.000000
199.000000
255.000000
255.000000
255.000000
255.000000
255.000000
255.000000
255.000000
255.000000
255.000000
255.000000
255.000000
255.000000
255.000000
255.000000
255.000000
255.000000
255.000000
255.000000
255.000000
255.000000
255.000000
255.000000
255.000000
255.000000
255.000000
255.000000
