173.000000
146.000000
177.000000
161.000000
123.000000
54.000000
30.000000
177.000000
148.000000
0.000000
0.000000
0.000000
45.000000
101.000000
9.000000
3.000000
255.000000
249.000000
200.000000
255.000000
255.000000
255.000000
13.000000
66.000000
160.000000
183.000000
188.000000
128.000000
70.000000
47.000000
0.000000
99.000000
117.000000
0.000000
0.000000
5.000000
86.000000
144.000000
2.000000
102.000000
255.000000
194.000000
171.000000
255.000000
255.000000
255.000000
22.000000
138.000000
255.000000
255.000000
255.000000
255.000000
255.000000
248.000000
61.000000
209.000000
255.000000
255.000000
255.000000
255.000000
255.000000
231.000000
164.000000
255.000000
