255.000000
255.000000
255.000000
255.000000
251.000000
191.000000
245.000000
255.000000
255.000000
255.000000
255.000000
228.000000
50.000000
0.000000
182.000000
255.000000
255.000000
255.000000
224.000000
36.000000
0.000000
101.000000
244.000000
255.000000
255.000000
243.000000
44.000000
0.000000
95.000000
255.000000
255.000000
255.000000
251.000000
77.000000
1.000000
1.000000
95.000000
235.000000
255.000000
255.000000
159.000000
0.000000
37.000000
183.000000
28.000000
0.000000
131.000000
255.000000
95.000000
0.000000
151.000000
255.000000
226.000000
62.000000
0.000000
130.000000
209.000000
164.000000
255.000000
255.000000
255.000000
255.000000
163.000000
137.000000
