204.000000
166.000000
255.000000
255.000000
255.000000
255.000000
255.000000
255.000000
164.000000
3.000000
234.000000
255.000000
255.000000
255.000000
255.000000
255.000000
173.000000
0.000000
199.000000
255.000000
255.000000
255.000000
255.000000
255.000000
150.000000
0.000000
207.000000
255.000000
255.000000
255.000000
255.000000
255.000000
142.000000
0.000000
214.000000
255.000000
239.000000
207.000000
237.000000
255.000000
166.000000
3.000000
80.000000
75.000000
52.000000
33.000000
21.000000
171.000000
208.000000
4.000000
0.000000
0.000000
2.000000
6.000000
0.000000
74.000000
255.000000
190.000000
131.000000
122.000000
130.000000
155.000000
195.000000
245.000000
