255.000000
255.000000
236.000000
216.000000
237.000000
255.000000
255.000000
255.000000
255.000000
253.000000
36.000000
0.000000
204.000000
255.000000
253.000000
254.000000
255.000000
204.000000
0.000000
29.000000
253.000000
255.000000
254.000000
254.000000
255.000000
154.000000
0.000000
103.000000
255.000000
255.000000
253.000000
254.000000
255.000000
98.000000
0.000000
161.000000
255.000000
255.000000
255.000000
255.000000
255.000000
35.000000
9.000000
240.000000
255.000000
255.000000
255.000000
255.000000
190.000000
0.000000
5.000000
62.000000
56.000000
54.000000
43.000000
143.000000
195.000000
98.000000
119.000000
87.000000
84.000000
85.000000
71.000000
190.000000
