198.000000
129.000000
106.000000
97.000000
99.000000
114.000000
199.000000
255.000000
110.000000
0.000000
0.000000
0.000000
0.000000
0.000000
70.000000
255.000000
212.000000
33.000000
140.000000
149.000000
153.000000
119.000000
204.000000
255.000000
184.000000
17.000000
255.000000
255.000000
255.000000
255.000000
255.000000
255.000000
187.000000
7.000000
230.000000
255.000000
255.000000
255.000000
255.000000
255.000000
223.000000
22.000000
166.000000
212.000000
175.000000
151.000000
163.000000
228.000000
221.000000
15.000000
2.000000
0.000000
0.000000
0.000000
0.000000
80.000000
254.000000
136.000000
87.000000
133.000000
166.000000
168.000000
154.000000
220.000000
