140.000000
109.000000
120.000000
119.000000
120.000000
116.000000
125.000000
203.000000
74.000000
50.000000
55.000000
55.000000
55.000000
69.000000
0.000000
68.000000
255.000000
255.000000
255.000000
255.000000
255.000000
255.000000
102.000000
68.000000
233.000000
229.000000
231.000000
231.000000
225.000000
220.000000
64.000000
85.000000
40.000000
11.000000
15.000000
15.000000
10.000000
39.000000
4.000000
111.000000
203.000000
196.000000
196.000000
195.000000
202.000000
234.000000
81.000000
79.000000
255.000000
255.000000
255.000000
255.000000
255.000000
255.000000
60.000000
34.000000
255.000000
255.000000
255.000000
255.000000
255.000000
255.000000
161.000000
159.000000
