122.000000
211.000000
255.000000
255.000000
255.000000
255.000000
255.000000
255.000000
88.000000
152.000000
255.000000
255.000000
255.000000
255.000000
255.000000
255.000000
116.000000
173.000000
255.000000
255.000000
255.000000
255.000000
255.000000
255.000000
116.000000
185.000000
255.000000
255.000000
255.000000
255.000000
255.000000
255.000000
117.000000
194.000000
255.000000
255.000000
255.000000
255.000000
255.000000
255.000000
114.000000
207.000000
255.000000
255.000000
255.000000
255.000000
255.000000
255.000000
86.000000
194.000000
255.000000
255.000000
255.000000
249.000000
238.000000
208.000000
154.000000
60.000000
116.000000
112.000000
106.000000
92.000000
72.000000
111.000000
