138.000000
39.000000
74.000000
69.000000
71.000000
44.000000
104.000000
255.000000
144.000000
0.000000
4.000000
15.000000
11.000000
17.000000
5.000000
191.000000
255.000000
217.000000
170.000000
157.000000
173.000000
158.000000
2.000000
143.000000
255.000000
192.000000
173.000000
154.000000
136.000000
121.000000
13.000000
130.000000
255.000000
47.000000
0.000000
0.000000
12.000000
32.000000
17.000000
145.000000
255.000000
221.000000
148.000000
184.000000
247.000000
186.000000
0.000000
163.000000
255.000000
255.000000
255.000000
255.000000
255.000000
171.000000
0.000000
159.000000
255.000000
255.000000
255.000000
255.000000
255.000000
220.000000
89.000000
197.000000
