255.000000
255.000000
159.000000
94.000000
92.000000
142.000000
255.000000
255.000000
255.000000
223.000000
0.000000
0.000000
0.000000
0.000000
187.000000
255.000000
255.000000
144.000000
0.000000
88.000000
117.000000
0.000000
100.000000
255.000000
255.000000
68.000000
0.000000
220.000000
255.000000
0.000000
25.000000
255.000000
247.000000
5.000000
0.000000
249.000000
255.000000
27.000000
0.000000
223.000000
197.000000
0.000000
46.000000
255.000000
255.000000
89.000000
0.000000
168.000000
130.000000
0.000000
100.000000
255.000000
255.000000
142.000000
0.000000
87.000000
185.000000
77.000000
217.000000
255.000000
255.000000
232.000000
79.000000
159.000000
