255.000000
255.000000
255.000000
61.000000
112.000000
255.000000
255.000000
253.000000
253.000000
252.000000
255.000000
137.000000
0.000000
206.000000
255.000000
252.000000
252.000000
255.000000
255.000000
87.000000
0.000000
255.000000
255.000000
255.000000
255.000000
255.000000
228.000000
0.000000
3.000000
146.000000
246.000000
255.000000
255.000000
255.000000
59.000000
16.000000
202.000000
0.000000
28.000000
219.000000
255.000000
175.000000
0.000000
208.000000
255.000000
160.000000
0.000000
105.000000
166.000000
29.000000
174.000000
255.000000
255.000000
255.000000
50.000000
98.000000
154.000000
213.000000
255.000000
255.000000
255.000000
255.000000
254.000000
243.000000
