255.000000
208.000000
170.000000
255.000000
255.000000
255.000000
255.000000
255.000000
255.000000
18.000000
0.000000
203.000000
255.000000
255.000000
255.000000
255.000000
255.000000
162.000000
0.000000
110.000000
255.000000
255.000000
255.000000
255.000000
255.000000
255.000000
13.000000
23.000000
255.000000
255.000000
55.000000
137.000000
255.000000
255.000000
90.000000
0.000000
220.000000
61.000000
0.000000
144.000000
255.000000
255.000000
150.000000
0.000000
6.000000
0.000000
115.000000
255.000000
255.000000
255.000000
163.000000
0.000000
0.000000
150.000000
255.000000
255.000000
255.000000
255.000000
244.000000
124.000000
183.000000
255.000000
255.000000
255.000000
