162.000000
177.000000
255.000000
255.000000
255.000000
255.000000
255.000000
255.000000
80.000000
0.000000
191.000000
255.000000
255.000000
255.000000
255.000000
255.000000
240.000000
0.000000
93.000000
255.000000
255.000000
255.000000
255.000000
255.000000
255.000000
50.000000
76.000000
255.000000
255.000000
255.000000
255.000000
255.000000
255.000000
112.000000
102.000000
255.000000
255.000000
214.000000
113.000000
175.000000
255.000000
192.000000
74.000000
157.000000
67.000000
0.000000
0.000000
106.000000
255.000000
255.000000
90.000000
0.000000
0.000000
19.000000
120.000000
238.000000
255.000000
255.000000
255.000000
170.000000
196.000000
253.000000
255.000000
255.000000
