230.000000
82.000000
222.000000
255.000000
255.000000
255.000000
255.000000
255.000000
164.000000
0.000000
160.000000
255.000000
255.000000
255.000000
255.000000
255.000000
163.000000
0.000000
156.000000
255.000000
255.000000
255.000000
255.000000
255.000000
168.000000
0.000000
181.000000
255.000000
255.000000
255.000000
255.000000
255.000000
166.000000
0.000000
79.000000
155.000000
151.000000
149.000000
141.000000
221.000000
176.000000
0.000000
0.000000
0.000000
0.000000
0.000000
0.000000
83.000000
236.000000
46.000000
16.000000
25.000000
25.000000
24.000000
13.000000
130.000000
255.000000
255.000000
242.000000
248.000000
248.000000
248.000000
240.000000
255.000000
