91.000000
13.000000
21.000000
21.000000
21.000000
21.000000
29.000000
224.000000
130.000000
64.000000
74.000000
74.000000
76.000000
31.000000
0.000000
154.000000
255.000000
223.000000
221.000000
225.000000
240.000000
97.000000
0.000000
168.000000
174.000000
0.000000
0.000000
0.000000
0.000000
0.000000
0.000000
171.000000
197.000000
45.000000
38.000000
43.000000
48.000000
13.000000
0.000000
171.000000
255.000000
255.000000
255.000000
255.000000
255.000000
108.000000
0.000000
164.000000
255.000000
255.000000
255.000000
255.000000
255.000000
108.000000
0.000000
162.000000
255.000000
255.000000
255.000000
255.000000
255.000000
214.000000
119.000000
239.000000
