230.000000
172.000000
158.000000
104.000000
71.000000
56.000000
175.000000
255.000000
159.000000
0.000000
0.000000
0.000000
4.000000
0.000000
23.000000
229.000000
172.000000
14.000000
105.000000
140.000000
142.000000
117.000000
0.000000
163.000000
149.000000
43.000000
255.000000
255.000000
255.000000
233.000000
0.000000
163.000000
147.000000
21.000000
255.000000
255.000000
255.000000
225.000000
2.000000
185.000000
165.000000
0.000000
125.000000
116.000000
104.000000
89.000000
10.000000
188.000000
231.000000
28.000000
0.000000
0.000000
0.000000
0.000000
0.000000
146.000000
255.000000
219.000000
137.000000
144.000000
168.000000
188.000000
190.000000
230.000000
