255.000000
255.000000
255.000000
177.000000
195.000000
255.000000
255.000000
255.000000
255.000000
255.000000
255.000000
27.000000
78.000000
255.000000
255.000000
255.000000
255.000000
255.000000
255.000000
54.000000
130.000000
255.000000
254.000000
255.000000
255.000000
255.000000
255.000000
9.000000
147.000000
255.000000
255.000000
255.000000
255.000000
255.000000
157.000000
0.000000
4.000000
183.000000
255.000000
255.000000
255.000000
218.000000
0.000000
162.000000
146.000000
0.000000
171.000000
255.000000
160.000000
0.000000
81.000000
255.000000
255.000000
125.000000
0.000000
141.000000
114.000000
100.000000
255.000000
255.000000
255.000000
255.000000
136.000000
149.000000
