255.000000
255.000000
154.000000
84.000000
165.000000
255.000000
255.000000
255.000000
255.000000
255.000000
228.000000
38.000000
3.000000
255.000000
255.000000
255.000000
255.000000
255.000000
255.000000
42.000000
108.000000
255.000000
254.000000
255.000000
255.000000
255.000000
201.000000
0.000000
147.000000
255.000000
255.000000
255.000000
255.000000
255.000000
37.000000
66.000000
12.000000
125.000000
255.000000
255.000000
255.000000
94.000000
3.000000
255.000000
194.000000
0.000000
92.000000
255.000000
105.000000
5.000000
218.000000
255.000000
255.000000
189.000000
0.000000
53.000000
105.000000
234.000000
255.000000
255.000000
255.000000
255.000000
189.000000
134.000000
