228.000000
185.000000
255.000000
255.000000
255.000000
255.000000
255.000000
255.000000
178.000000
91.000000
255.000000
255.000000
255.000000
255.000000
255.000000
255.000000
184.000000
150.000000
255.000000
255.000000
255.000000
255.000000
255.000000
255.000000
161.000000
149.000000
255.000000
254.000000
255.000000
255.000000
255.000000
255.000000
167.000000
168.000000
255.000000
255.000000
255.000000
255.000000
255.000000
255.000000
151.000000
141.000000
255.000000
255.000000
247.000000
244.000000
225.000000
239.000000
163.000000
0.000000
70.000000
72.000000
59.000000
61.000000
34.000000
171.000000
255.000000
184.000000
180.000000
193.000000
209.000000
219.000000
230.000000
249.000000
