255.000000
255.000000
204.000000
162.000000
255.000000
255.000000
255.000000
255.000000
255.000000
255.000000
250.000000
13.000000
115.000000
255.000000
255.000000
255.000000
255.000000
255.000000
223.000000
0.000000
68.000000
255.000000
255.000000
255.000000
255.000000
255.000000
60.000000
0.000000
255.000000
255.000000
255.000000
254.000000
255.000000
152.000000
0.000000
141.000000
99.000000
174.000000
255.000000
255.000000
176.000000
0.000000
129.000000
255.000000
140.000000
0.000000
71.000000
145.000000
56.000000
114.000000
255.000000
255.000000
255.000000
199.000000
0.000000
68.000000
255.000000
255.000000
255.000000
255.000000
255.000000
255.000000
244.000000
255.000000
