255.000000
255.000000
254.000000
255.000000
255.000000
255.000000
255.000000
255.000000
197.000000
232.000000
255.000000
254.000000
255.000000
255.000000
255.000000
255.000000
157.000000
91.000000
255.000000
254.000000
254.000000
255.000000
254.000000
255.000000
248.000000
29.000000
169.000000
255.000000
255.000000
255.000000
255.000000
255.000000
255.000000
175.000000
0.000000
186.000000
244.000000
248.000000
246.000000
252.000000
255.000000
255.000000
110.000000
0.000000
8.000000
14.000000
6.000000
150.000000
254.000000
255.000000
255.000000
190.000000
151.000000
149.000000
143.000000
208.000000
255.000000
255.000000
255.000000
255.000000
255.000000
255.000000
255.000000
255.000000
