255.000000
255.000000
194.000000
171.000000
187.000000
253.000000
255.000000
255.000000
255.000000
255.000000
141.000000
0.000000
0.000000
194.000000
255.000000
255.000000
255.000000
255.000000
83.000000
0.000000
140.000000
241.000000
255.000000
255.000000
255.000000
138.000000
0.000000
217.000000
255.000000
255.000000
255.000000
255.000000
242.000000
20.000000
196.000000
255.000000
252.000000
255.000000
255.000000
255.000000
139.000000
0.000000
66.000000
13.000000
22.000000
42.000000
87.000000
204.000000
68.000000
0.000000
64.000000
116.000000
149.000000
160.000000
124.000000
194.000000
216.000000
214.000000
255.000000
255.000000
255.000000
255.000000
255.000000
255.000000
