255.000000
255.000000
255.000000
237.000000
188.000000
252.000000
254.000000
255.000000
254.000000
255.000000
255.000000
51.000000
0.000000
244.000000
255.000000
255.000000
255.000000
255.000000
42.000000
0.000000
181.000000
254.000000
255.000000
255.000000
255.000000
71.000000
0.000000
226.000000
255.000000
252.000000
252.000000
255.000000
191.000000
0.000000
223.000000
255.000000
255.000000
255.000000
255.000000
255.000000
112.000000
24.000000
255.000000
206.000000
129.000000
92.000000
92.000000
178.000000
196.000000
20.000000
30.000000
32.000000
67.000000
103.000000
63.000000
140.000000
255.000000
231.000000
192.000000
235.000000
255.000000
255.000000
255.000000
255.000000
