255.000000
255.000000
255.000000
217.000000
211.000000
235.000000
255.000000
255.000000
255.000000
255.000000
95.000000
0.000000
0.000000
0.000000
138.000000
255.000000
255.000000
182.000000
0.000000
98.000000
171.000000
167.000000
210.000000
237.000000
255.000000
36.000000
0.000000
255.000000
255.000000
244.000000
83.000000
154.000000
226.000000
0.000000
185.000000
255.000000
101.000000
0.000000
87.000000
249.000000
124.000000
48.000000
181.000000
2.000000
0.000000
138.000000
255.000000
255.000000
114.000000
0.000000
0.000000
57.000000
214.000000
255.000000
255.000000
255.000000
255.000000
116.000000
163.000000
255.000000
255.000000
255.000000
255.000000
255.000000
