255.000000
255.000000
255.000000
255.000000
255.000000
149.000000
189.000000
255.000000
255.000000
255.000000
255.000000
255.000000
161.000000
0.000000
167.000000
255.000000
254.000000
255.000000
255.000000
132.000000
0.000000
172.000000
255.000000
255.000000
255.000000
252.000000
67.000000
0.000000
181.000000
255.000000
255.000000
255.000000
200.000000
33.000000
55.000000
160.000000
85.000000
229.000000
255.000000
255.000000
194.000000
153.000000
255.000000
255.000000
60.000000
188.000000
255.000000
255.000000
255.000000
255.000000
255.000000
255.000000
82.000000
121.000000
169.000000
218.000000
255.000000
255.000000
255.000000
255.000000
211.000000
74.000000
123.000000
247.000000
