255.000000
252.000000
190.000000
227.000000
255.000000
255.000000
255.000000
255.000000
255.000000
236.000000
0.000000
25.000000
252.000000
255.000000
253.000000
255.000000
255.000000
254.000000
150.000000
0.000000
86.000000
255.000000
255.000000
255.000000
255.000000
255.000000
255.000000
84.000000
0.000000
128.000000
255.000000
255.000000
255.000000
221.000000
134.000000
65.000000
44.000000
0.000000
146.000000
255.000000
84.000000
0.000000
0.000000
133.000000
244.000000
35.000000
0.000000
163.000000
109.000000
135.000000
233.000000
255.000000
255.000000
237.000000
35.000000
128.000000
255.000000
255.000000
255.000000
255.000000
255.000000
255.000000
243.000000
241.000000
