255.000000
252.000000
255.000000
192.000000
56.000000
123.000000
248.000000
255.000000
255.000000
253.000000
255.000000
126.000000
0.000000
0.000000
244.000000
255.000000
255.000000
255.000000
210.000000
11.000000
0.000000
164.000000
255.000000
255.000000
255.000000
235.000000
19.000000
0.000000
80.000000
255.000000
255.000000
255.000000
255.000000
102.000000
0.000000
59.000000
255.000000
255.000000
153.000000
214.000000
240.000000
4.000000
33.000000
246.000000
187.000000
29.000000
18.000000
229.000000
187.000000
0.000000
11.000000
39.000000
0.000000
39.000000
224.000000
255.000000
240.000000
126.000000
81.000000
107.000000
188.000000
255.000000
255.000000
255.000000
