255.000000
192.000000
175.000000
220.000000
241.000000
255.000000
255.000000
255.000000
220.000000
17.000000
58.000000
52.000000
36.000000
56.000000
90.000000
164.000000
114.000000
85.000000
255.000000
240.000000
200.000000
130.000000
64.000000
136.000000
87.000000
136.000000
255.000000
255.000000
255.000000
255.000000
255.000000
255.000000
86.000000
153.000000
255.000000
255.000000
255.000000
255.000000
255.000000
255.000000
107.000000
92.000000
255.000000
255.000000
255.000000
226.000000
150.000000
217.000000
224.000000
62.000000
102.000000
112.000000
75.000000
22.000000
40.000000
213.000000
255.000000
237.000000
110.000000
101.000000
144.000000
221.000000
255.000000
255.000000
