255.000000
254.000000
255.000000
254.000000
255.000000
254.000000
255.000000
255.000000
254.000000
255.000000
255.000000
51.000000
95.000000
255.000000
255.000000
255.000000
255.000000
255.000000
90.000000
0.000000
113.000000
255.000000
255.000000
255.000000
255.000000
94.000000
0.000000
27.000000
249.000000
255.000000
255.000000
255.000000
171.000000
0.000000
2.000000
0.000000
19.000000
143.000000
255.000000
255.000000
20.000000
102.000000
223.000000
125.000000
0.000000
0.000000
12.000000
162.000000
189.000000
250.000000
255.000000
255.000000
217.000000
133.000000
33.000000
0.000000
255.000000
255.000000
255.000000
255.000000
255.000000
255.000000
255.000000
213.000000
