255.000000
255.000000
255.000000
255.000000
255.000000
190.000000
107.000000
255.000000
201.000000
171.000000
255.000000
255.000000
255.000000
40.000000
195.000000
255.000000
213.000000
0.000000
228.000000
255.000000
77.000000
51.000000
255.000000
255.000000
255.000000
24.000000
98.000000
161.000000
0.000000
214.000000
255.000000
255.000000
255.000000
106.000000
0.000000
0.000000
70.000000
255.000000
255.000000
255.000000
255.000000
179.000000
0.000000
0.000000
160.000000
255.000000
255.000000
255.000000
255.000000
251.000000
24.000000
0.000000
239.000000
255.000000
255.000000
255.000000
255.000000
255.000000
226.000000
195.000000
255.000000
255.000000
255.000000
255.000000
