255.000000
145.000000
128.000000
255.000000
255.000000
255.000000
255.000000
255.000000
255.000000
37.000000
0.000000
213.000000
255.000000
255.000000
255.000000
255.000000
253.000000
29.000000
0.000000
173.000000
255.000000
255.000000
255.000000
255.000000
226.000000
2.000000
0.000000
134.000000
255.000000
255.000000
255.000000
255.000000
244.000000
10.000000
0.000000
90.000000
255.000000
208.000000
131.000000
255.000000
255.000000
122.000000
0.000000
36.000000
165.000000
0.000000
86.000000
255.000000
255.000000
255.000000
114.000000
7.000000
23.000000
142.000000
255.000000
255.000000
255.000000
255.000000
255.000000
234.000000
245.000000
255.000000
255.000000
255.000000
