237.000000
255.000000
255.000000
255.000000
255.000000
255.000000
255.000000
255.000000
143.000000
44.000000
225.000000
255.000000
255.000000
255.000000
255.000000
255.000000
208.000000
0.000000
26.000000
246.000000
255.000000
255.000000
255.000000
255.000000
255.000000
54.000000
0.000000
71.000000
255.000000
255.000000
112.000000
176.000000
255.000000
218.000000
5.000000
0.000000
54.000000
41.000000
0.000000
192.000000
255.000000
255.000000
203.000000
50.000000
0.000000
0.000000
145.000000
255.000000
255.000000
255.000000
255.000000
255.000000
202.000000
208.000000
255.000000
255.000000
255.000000
255.000000
255.000000
255.000000
255.000000
255.000000
255.000000
255.000000
