255.000000
255.000000
255.000000
255.000000
226.000000
58.000000
185.000000
255.000000
255.000000
255.000000
255.000000
244.000000
29.000000
0.000000
128.000000
255.000000
255.000000
255.000000
255.000000
78.000000
0.000000
52.000000
228.000000
255.000000
255.000000
255.000000
166.000000
0.000000
0.000000
206.000000
255.000000
255.000000
255.000000
241.000000
10.000000
7.000000
12.000000
147.000000
255.000000
255.000000
254.000000
78.000000
0.000000
181.000000
127.000000
35.000000
255.000000
255.000000
214.000000
0.000000
35.000000
255.000000
224.000000
19.000000
218.000000
255.000000
242.000000
90.000000
210.000000
255.000000
255.000000
210.000000
225.000000
255.000000
