255.000000
255.000000
255.000000
255.000000
151.000000
201.000000
255.000000
255.000000
255.000000
255.000000
255.000000
214.000000
0.000000
5.000000
235.000000
255.000000
255.000000
255.000000
236.000000
34.000000
0.000000
18.000000
241.000000
255.000000
255.000000
255.000000
73.000000
0.000000
0.000000
76.000000
255.000000
255.000000
255.000000
229.000000
0.000000
0.000000
0.000000
0.000000
84.000000
240.000000
255.000000
109.000000
0.000000
15.000000
180.000000
141.000000
0.000000
135.000000
255.000000
53.000000
0.000000
203.000000
255.000000
212.000000
37.000000
210.000000
255.000000
202.000000
183.000000
255.000000
255.000000
207.000000
237.000000
255.000000
