255.000000
255.000000
179.000000
167.000000
255.000000
255.000000
255.000000
255.000000
255.000000
255.000000
0.000000
0.000000
253.000000
255.000000
255.000000
255.000000
255.000000
197.000000
0.000000
74.000000
255.000000
255.000000
255.000000
255.000000
255.000000
114.000000
0.000000
141.000000
255.000000
255.000000
255.000000
255.000000
255.000000
29.000000
0.000000
255.000000
255.000000
255.000000
255.000000
254.000000
255.000000
63.000000
0.000000
120.000000
116.000000
89.000000
140.000000
252.000000
255.000000
243.000000
104.000000
5.000000
45.000000
99.000000
201.000000
255.000000
255.000000
255.000000
255.000000
255.000000
255.000000
255.000000
255.000000
255.000000
