255.000000
255.000000
255.000000
160.000000
124.000000
250.000000
255.000000
255.000000
255.000000
255.000000
224.000000
0.000000
0.000000
176.000000
255.000000
255.000000
255.000000
255.000000
37.000000
0.000000
36.000000
252.000000
255.000000
255.000000
255.000000
101.000000
0.000000
0.000000
60.000000
216.000000
255.000000
255.000000
196.000000
0.000000
0.000000
94.000000
152.000000
0.000000
112.000000
255.000000
65.000000
0.000000
43.000000
253.000000
255.000000
54.000000
0.000000
192.000000
135.000000
80.000000
238.000000
255.000000
255.000000
167.000000
28.000000
225.000000
255.000000
255.000000
255.000000
255.000000
255.000000
241.000000
234.000000
255.000000
