255.000000
255.000000
255.000000
191.000000
104.000000
211.000000
255.000000
255.000000
255.000000
255.000000
255.000000
21.000000
0.000000
186.000000
255.000000
255.000000
255.000000
255.000000
144.000000
0.000000
135.000000
255.000000
255.000000
255.000000
255.000000
248.000000
11.000000
0.000000
56.000000
168.000000
255.000000
255.000000
255.000000
158.000000
0.000000
89.000000
110.000000
0.000000
32.000000
203.000000
255.000000
31.000000
6.000000
255.000000
255.000000
229.000000
134.000000
202.000000
237.000000
0.000000
138.000000
255.000000
255.000000
255.000000
255.000000
255.000000
252.000000
165.000000
244.000000
255.000000
255.000000
255.000000
255.000000
255.000000
