232.000000
231.000000
255.000000
255.000000
255.000000
255.000000
255.000000
255.000000
129.000000
15.000000
228.000000
255.000000
255.000000
255.000000
190.000000
191.000000
156.000000
0.000000
114.000000
255.000000
255.000000
201.000000
0.000000
208.000000
199.000000
0.000000
46.000000
255.000000
234.000000
0.000000
52.000000
255.000000
247.000000
0.000000
0.000000
151.000000
26.000000
0.000000
222.000000
255.000000
255.000000
129.000000
0.000000
0.000000
0.000000
154.000000
255.000000
255.000000
255.000000
255.000000
137.000000
88.000000
186.000000
255.000000
255.000000
255.000000
255.000000
255.000000
255.000000
255.000000
255.000000
255.000000
255.000000
255.000000
