255.000000
255.000000
255.000000
255.000000
151.000000
179.000000
248.000000
255.000000
255.000000
255.000000
255.000000
132.000000
0.000000
0.000000
40.000000
253.000000
255.000000
255.000000
207.000000
0.000000
0.000000
0.000000
144.000000
255.000000
255.000000
255.000000
41.000000
0.000000
0.000000
127.000000
255.000000
255.000000
255.000000
155.000000
0.000000
0.000000
0.000000
69.000000
255.000000
255.000000
255.000000
32.000000
0.000000
78.000000
85.000000
0.000000
74.000000
254.000000
255.000000
147.000000
62.000000
255.000000
255.000000
103.000000
69.000000
252.000000
255.000000
255.000000
255.000000
255.000000
255.000000
255.000000
255.000000
255.000000
