255.000000
255.000000
255.000000
255.000000
255.000000
255.000000
255.000000
255.000000
219.000000
240.000000
255.000000
255.000000
255.000000
255.000000
255.000000
255.000000
83.000000
36.000000
247.000000
255.000000
255.000000
255.000000
255.000000
255.000000
151.000000
0.000000
69.000000
255.000000
255.000000
255.000000
255.000000
255.000000
255.000000
64.000000
0.000000
66.000000
174.000000
208.000000
171.000000
211.000000
255.000000
252.000000
74.000000
0.000000
0.000000
0.000000
57.000000
208.000000
255.000000
255.000000
255.000000
174.000000
137.000000
179.000000
255.000000
255.000000
255.000000
255.000000
255.000000
255.000000
255.000000
255.000000
255.000000
255.000000
