199.000000
198.000000
196.000000
192.000000
189.000000
188.000000
188.000000
189.000000
189.000000
189.000000
190.000000
191.000000
192.000000
194.000000
196.000000
197.000000
195.000000
192.000000
190.000000
191.000000
195.000000
198.000000
199.000000
200.000000
199.000000
198.000000
194.000000
190.000000
202.000000
224.000000
248.000000
255.000000
0.000000
0.000000
0.000000
0.000000
0.000000
0.000000
0.000000
0.000000
0.000000
0.000000
0.000000
0.000000
0.000000
0.000000
0.000000
0.000000
0.000000
0.000000
0.000000
0.000000
0.000000
0.000000
0.000000
0.000000
0.000000
0.000000
0.000000
0.000000
10.000000
111.000000
218.000000
255.000000
0.000000
0.000000
0.000000
0.000000
0.000000
0.000000
0.000000
0.000000
0.000000
0.000000
0.000000
0.000000
0.000000
0.000000
0.000000
0.000000
0.000000
0.000000
0.000000
0.000000
0.000000
0.000000
0.000000
0.000000
0.000000
0.000000
0.000000
0.000000
12.000000
114.000000
220.000000
255.000000
0.000000
0.000000
0.000000
0.000000
0.000000
0.000000
0.000000
0.000000
0.000000
0.000000
0.000000
0.000000
0.000000
0.000000
0.000000
0.000000
0.000000
0.000000
0.000000
0.000000
0.000000
0.000000
1.000000
1.000000
1.000000
0.000000
0.000000
0.000000
16.000000
116.000000
222.000000
255.000000
125.000000
133.000000
143.000000
149.000000
151.000000
151.000000
149.000000
149.000000
148.000000
146.000000
145.000000
143.000000
140.000000
138.000000
138.000000
139.000000
138.000000
137.000000
144.000000
158.000000
139.000000
89.000000
31.000000
0.000000
0.000000
0.000000
0.000000
0.000000
16.000000
117.000000
222.000000
255.000000
255.000000
255.000000
255.000000
255.000000
255.000000
255.000000
255.000000
255.000000
255.000000
255.000000
255.000000
255.000000
255.000000
255.000000
255.000000
255.000000
255.000000
255.000000
255.000000
255.000000
255.000000
175.000000
66.000000
0.000000
0.000000
0.000000
0.000000
0.000000
18.000000
118.000000
223.000000
255.000000
255.000000
255.000000
255.000000
255.000000
255.000000
255.000000
255.000000
255.000000
255.000000
255.000000
255.000000
255.000000
255.000000
255.000000
255.000000
255.000000
255.000000
255.000000
255.000000
255.000000
255.000000
177.000000
68.000000
0.000000
0.000000
0.000000
0.000000
0.000000
18.000000
118.000000
223.000000
255.000000
254.000000
255.000000
255.000000
255.000000
255.000000
255.000000
255.000000
255.000000
255.000000
255.000000
255.000000
254.000000
253.000000
253.000000
254.000000
255.000000
255.000000
255.000000
255.000000
255.000000
255.000000
180.000000
72.000000
0.000000
0.000000
0.000000
0.000000
0.000000
18.000000
118.000000
223.000000
255.000000
254.000000
255.000000
255.000000
255.000000
255.000000
255.000000
255.000000
255.000000
255.000000
255.000000
255.000000
254.000000
253.000000
253.000000
254.000000
255.000000
255.000000
255.000000
255.000000
255.000000
255.000000
179.000000
70.000000
0.000000
0.000000
0.000000
0.000000
0.000000
18.000000
118.000000
223.000000
255.000000
254.000000
255.000000
255.000000
255.000000
255.000000
255.000000
255.000000
255.000000
255.000000
255.000000
255.000000
254.000000
254.000000
254.000000
254.000000
255.000000
255.000000
255.000000
255.000000
255.000000
255.000000
173.000000
65.000000
0.000000
0.000000
0.000000
0.000000
0.000000
17.000000
118.000000
223.000000
255.000000
255.000000
255.000000
255.000000
255.000000
255.000000
255.000000
255.000000
255.000000
255.000000
255.000000
255.000000
255.000000
255.000000
255.000000
255.000000
255.000000
255.000000
255.000000
255.000000
255.000000
255.000000
173.000000
65.000000
0.000000
0.000000
0.000000
0.000000
0.000000
18.000000
118.000000
223.000000
255.000000
254.000000
255.000000
255.000000
255.000000
255.000000
255.000000
255.000000
255.000000
255.000000
255.000000
255.000000
255.000000
255.000000
255.000000
255.000000
255.000000
255.000000
255.000000
255.000000
255.000000
255.000000
176.000000
67.000000
0.000000
0.000000
0.000000
0.000000
0.000000
18.000000
118.000000
223.000000
255.000000
254.000000
255.000000
255.000000
255.000000
255.000000
255.000000
255.000000
255.000000
255.000000
255.000000
255.000000
255.000000
255.000000
255.000000
255.000000
255.000000
255.000000
255.000000
255.000000
255.000000
255.000000
178.000000
69.000000
0.000000
0.000000
0.000000
0.000000
0.000000
17.000000
118.000000
223.000000
255.000000
254.000000
255.000000
255.000000
255.000000
255.000000
255.000000
255.000000
255.000000
255.000000
255.000000
255.000000
255.000000
255.000000
255.000000
255.000000
255.000000
255.000000
255.000000
255.000000
255.000000
255.000000
169.000000
61.000000
0.000000
0.000000
0.000000
0.000000
0.000000
19.000000
120.000000
225.000000
255.000000
254.000000
255.000000
255.000000
255.000000
255.000000
255.000000
255.000000
255.000000
255.000000
255.000000
255.000000
255.000000
255.000000
255.000000
255.000000
255.000000
255.000000
255.000000
255.000000
255.000000
254.000000
158.000000
50.000000
0.000000
0.000000
0.000000
0.000000
0.000000
23.000000
124.000000
228.000000
255.000000
254.000000
255.000000
255.000000
255.000000
255.000000
255.000000
255.000000
255.000000
255.000000
255.000000
255.000000
255.000000
255.000000
255.000000
255.000000
254.000000
254.000000
254.000000
255.000000
255.000000
255.000000
160.000000
53.000000
0.000000
0.000000
0.000000
0.000000
0.000000
24.000000
125.000000
228.000000
255.000000
255.000000
255.000000
255.000000
255.000000
255.000000
255.000000
255.000000
255.000000
255.000000
255.000000
255.000000
255.000000
255.000000
255.000000
255.000000
254.000000
254.000000
254.000000
255.000000
255.000000
255.000000
164.000000
57.000000
0.000000
0.000000
0.000000
0.000000
0.000000
26.000000
128.000000
230.000000
255.000000
255.000000
255.000000
255.000000
255.000000
255.000000
255.000000
255.000000
255.000000
255.000000
255.000000
255.000000
255.000000
255.000000
255.000000
255.000000
254.000000
254.000000
254.000000
255.000000
255.000000
255.000000
162.000000
54.000000
0.000000
0.000000
0.000000
0.000000
0.000000
28.000000
130.000000
233.000000
255.000000
255.000000
255.000000
255.000000
255.000000
255.000000
255.000000
255.000000
255.000000
255.000000
255.000000
255.000000
255.000000
255.000000
255.000000
255.000000
255.000000
255.000000
255.000000
255.000000
255.000000
255.000000
160.000000
52.000000
0.000000
0.000000
0.000000
0.000000
0.000000
28.000000
130.000000
233.000000
255.000000
254.000000
255.000000
255.000000
255.000000
255.000000
255.000000
255.000000
255.000000
255.000000
255.000000
255.000000
255.000000
255.000000
255.000000
255.000000
255.000000
255.000000
255.000000
255.000000
255.000000
255.000000
161.000000
53.000000
0.000000
0.000000
0.000000
0.000000
0.000000
28.000000
130.000000
233.000000
255.000000
254.000000
255.000000
255.000000
255.000000
255.000000
255.000000
255.000000
255.000000
255.000000
255.000000
255.000000
255.000000
255.000000
255.000000
255.000000
255.000000
255.000000
255.000000
255.000000
255.000000
251.000000
152.000000
45.000000
0.000000
0.000000
0.000000
0.000000
0.000000
30.000000
133.000000
236.000000
255.000000
254.000000
255.000000
255.000000
255.000000
255.000000
255.000000
255.000000
255.000000
255.000000
255.000000
255.000000
255.000000
255.000000
255.000000
255.000000
255.000000
255.000000
255.000000
255.000000
255.000000
247.000000
147.000000
40.000000
0.000000
0.000000
0.000000
0.000000
0.000000
30.000000
134.000000
236.000000
255.000000
254.000000
255.000000
255.000000
255.000000
255.000000
255.000000
255.000000
255.000000
255.000000
255.000000
255.000000
255.000000
255.000000
255.000000
255.000000
255.000000
255.000000
255.000000
255.000000
255.000000
247.000000
147.000000
40.000000
0.000000
0.000000
0.000000
0.000000
0.000000
28.000000
131.000000
233.000000
255.000000
254.000000
255.000000
255.000000
255.000000
255.000000
255.000000
255.000000
255.000000
255.000000
255.000000
255.000000
255.000000
255.000000
255.000000
255.000000
255.000000
255.000000
255.000000
255.000000
255.000000
248.000000
148.000000
42.000000
0.000000
0.000000
0.000000
0.000000
0.000000
26.000000
129.000000
231.000000
255.000000
255.000000
255.000000
255.000000
255.000000
255.000000
255.000000
255.000000
255.000000
255.000000
255.000000
255.000000
255.000000
255.000000
255.000000
255.000000
255.000000
255.000000
255.000000
255.000000
255.000000
249.000000
150.000000
43.000000
0.000000
0.000000
0.000000
0.000000
0.000000
26.000000
128.000000
232.000000
255.000000
255.000000
255.000000
255.000000
255.000000
255.000000
255.000000
255.000000
255.000000
255.000000
255.000000
255.000000
255.000000
255.000000
255.000000
255.000000
255.000000
255.000000
255.000000
255.000000
255.000000
249.000000
150.000000
43.000000
0.000000
0.000000
0.000000
0.000000
0.000000
26.000000
129.000000
232.000000
255.000000
255.000000
255.000000
255.000000
255.000000
255.000000
255.000000
255.000000
255.000000
255.000000
255.000000
255.000000
255.000000
255.000000
255.000000
255.000000
255.000000
255.000000
255.000000
255.000000
255.000000
246.000000
147.000000
40.000000
0.000000
0.000000
0.000000
0.000000
0.000000
26.000000
129.000000
232.000000
255.000000
254.000000
255.000000
255.000000
255.000000
255.000000
255.000000
255.000000
255.000000
255.000000
255.000000
255.000000
255.000000
255.000000
255.000000
255.000000
255.000000
255.000000
255.000000
255.000000
255.000000
243.000000
141.000000
34.000000
0.000000
0.000000
0.000000
0.000000
0.000000
28.000000
130.000000
233.000000
255.000000
254.000000
255.000000
255.000000
255.000000
255.000000
255.000000
255.000000
255.000000
255.000000
255.000000
255.000000
255.000000
255.000000
255.000000
255.000000
255.000000
255.000000
255.000000
255.000000
255.000000
246.000000
145.000000
39.000000
0.000000
0.000000
0.000000
0.000000
0.000000
30.000000
132.000000
234.000000
255.000000
254.000000
254.000000
254.000000
254.000000
254.000000
255.000000
255.000000
255.000000
255.000000
255.000000
255.000000
254.000000
254.000000
254.000000
254.000000
254.000000
254.000000
255.000000
255.000000
255.000000
246.000000
145.000000
38.000000
0.000000
0.000000
0.000000
0.000000
0.000000
30.000000
132.000000
234.000000
255.000000
254.000000
255.000000
255.000000
255.000000
255.000000
255.000000
255.000000
255.000000
255.000000
255.000000
255.000000
255.000000
255.000000
255.000000
255.000000
255.000000
255.000000
255.000000
255.000000
255.000000
247.000000
147.000000
40.000000
0.000000
0.000000
0.000000
0.000000
0.000000
30.000000
133.000000
234.000000
255.000000
254.000000
255.000000
255.000000
255.000000
255.000000
255.000000
255.000000
255.000000
255.000000
255.000000
255.000000
255.000000
255.000000
255.000000
255.000000
255.000000
255.000000
255.000000
255.000000
255.000000
251.000000
153.000000
46.000000
0.000000
0.000000
0.000000
0.000000
0.000000
32.000000
135.000000
236.000000
255.000000
