255.000000
255.000000
255.000000
255.000000
255.000000
255.000000
255.000000
255.000000
255.000000
252.000000
252.000000
255.000000
255.000000
252.000000
250.000000
253.000000
255.000000
255.000000
255.000000
255.000000
255.000000
255.000000
255.000000
255.000000
255.000000
255.000000
255.000000
255.000000
255.000000
255.000000
255.000000
255.000000
255.000000
255.000000
255.000000
255.000000
255.000000
255.000000
255.000000
255.000000
255.000000
255.000000
255.000000
255.000000
255.000000
255.000000
255.000000
255.000000
255.000000
255.000000
255.000000
255.000000
255.000000
255.000000
255.000000
254.000000
255.000000
255.000000
255.000000
255.000000
255.000000
255.000000
255.000000
255.000000
254.000000
252.000000
251.000000
253.000000
255.000000
255.000000
247.000000
220.000000
199.000000
179.000000
110.000000
53.000000
57.000000
106.000000
177.000000
227.000000
255.000000
255.000000
254.000000
254.000000
254.000000
251.000000
252.000000
254.000000
254.000000
255.000000
255.000000
255.000000
255.000000
255.000000
255.000000
255.000000
254.000000
244.000000
255.000000
255.000000
199.000000
106.000000
33.000000
5.000000
0.000000
0.000000
0.000000
0.000000
0.000000
0.000000
0.000000
8.000000
61.000000
142.000000
240.000000
255.000000
255.000000
250.000000
248.000000
254.000000
255.000000
255.000000
255.000000
255.000000
255.000000
255.000000
255.000000
255.000000
254.000000
255.000000
226.000000
73.000000
0.000000
0.000000
0.000000
0.000000
0.000000
0.000000
0.000000
0.000000
0.000000
0.000000
0.000000
0.000000
0.000000
0.000000
47.000000
79.000000
169.000000
255.000000
255.000000
255.000000
254.000000
254.000000
254.000000
255.000000
255.000000
255.000000
255.000000
255.000000
255.000000
236.000000
59.000000
0.000000
0.000000
0.000000
0.000000
0.000000
1.000000
1.000000
0.000000
0.000000
0.000000
0.000000
0.000000
0.000000
0.000000
0.000000
0.000000
0.000000
0.000000
85.000000
223.000000
255.000000
248.000000
250.000000
255.000000
254.000000
255.000000
255.000000
255.000000
255.000000
255.000000
208.000000
27.000000
0.000000
0.000000
0.000000
0.000000
0.000000
0.000000
0.000000
0.000000
0.000000
0.000000
0.000000
0.000000
0.000000
0.000000
0.000000
0.000000
1.000000
0.000000
0.000000
11.000000
173.000000
255.000000
255.000000
255.000000
255.000000
255.000000
255.000000
255.000000
255.000000
254.000000
255.000000
235.000000
71.000000
0.000000
0.000000
0.000000
0.000000
0.000000
2.000000
4.000000
2.000000
0.000000
0.000000
0.000000
0.000000
0.000000
0.000000
0.000000
0.000000
1.000000
1.000000
0.000000
0.000000
126.000000
254.000000
255.000000
251.000000
255.000000
255.000000
255.000000
255.000000
253.000000
250.000000
255.000000
251.000000
175.000000
85.000000
38.000000
14.000000
0.000000
0.000000
0.000000
0.000000
0.000000
0.000000
0.000000
0.000000
0.000000
0.000000
0.000000
0.000000
0.000000
0.000000
1.000000
0.000000
0.000000
74.000000
251.000000
255.000000
253.000000
255.000000
255.000000
254.000000
254.000000
252.000000
249.000000
252.000000
255.000000
255.000000
255.000000
224.000000
177.000000
136.000000
98.000000
102.000000
111.000000
77.000000
44.000000
14.000000
0.000000
0.000000
0.000000
0.000000
0.000000
3.000000
5.000000
4.000000
0.000000
0.000000
96.000000
251.000000
255.000000
252.000000
252.000000
254.000000
254.000000
255.000000
255.000000
255.000000
254.000000
255.000000
255.000000
255.000000
255.000000
255.000000
255.000000
255.000000
255.000000
255.000000
251.000000
218.000000
189.000000
149.000000
83.000000
50.000000
12.000000
0.000000
0.000000
0.000000
0.000000
0.000000
0.000000
73.000000
248.000000
255.000000
246.000000
253.000000
255.000000
255.000000
255.000000
255.000000
255.000000
255.000000
255.000000
255.000000
255.000000
255.000000
255.000000
254.000000
249.000000
251.000000
255.000000
255.000000
255.000000
255.000000
255.000000
255.000000
211.000000
80.000000
0.000000
0.000000
0.000000
3.000000
0.000000
0.000000
117.000000
255.000000
255.000000
254.000000
255.000000
255.000000
255.000000
255.000000
255.000000
255.000000
255.000000
255.000000
255.000000
255.000000
255.000000
255.000000
254.000000
253.000000
255.000000
255.000000
254.000000
255.000000
255.000000
255.000000
255.000000
255.000000
218.000000
103.000000
10.000000
0.000000
0.000000
0.000000
1.000000
176.000000
255.000000
255.000000
255.000000
255.000000
255.000000
255.000000
255.000000
255.000000
255.000000
255.000000
255.000000
255.000000
255.000000
254.000000
255.000000
255.000000
254.000000
254.000000
255.000000
255.000000
255.000000
254.000000
250.000000
253.000000
255.000000
206.000000
27.000000
0.000000
0.000000
0.000000
0.000000
73.000000
253.000000
255.000000
255.000000
255.000000
255.000000
255.000000
255.000000
255.000000
255.000000
255.000000
255.000000
255.000000
255.000000
255.000000
255.000000
255.000000
255.000000
255.000000
255.000000
255.000000
254.000000
253.000000
249.000000
255.000000
242.000000
58.000000
0.000000
0.000000
0.000000
0.000000
0.000000
0.000000
172.000000
255.000000
255.000000
255.000000
255.000000
255.000000
255.000000
255.000000
255.000000
255.000000
255.000000
255.000000
255.000000
255.000000
255.000000
255.000000
255.000000
255.000000
254.000000
255.000000
255.000000
253.000000
255.000000
234.000000
75.000000
0.000000
0.000000
0.000000
0.000000
0.000000
4.000000
0.000000
119.000000
255.000000
255.000000
255.000000
255.000000
255.000000
255.000000
255.000000
255.000000
255.000000
255.000000
255.000000
255.000000
255.000000
255.000000
255.000000
255.000000
255.000000
255.000000
251.000000
249.000000
255.000000
254.000000
91.000000
0.000000
0.000000
4.000000
1.000000
0.000000
0.000000
0.000000
0.000000
170.000000
255.000000
255.000000
255.000000
255.000000
255.000000
255.000000
255.000000
255.000000
255.000000
255.000000
255.000000
255.000000
255.000000
255.000000
255.000000
255.000000
255.000000
255.000000
252.000000
255.000000
222.000000
51.000000
0.000000
1.000000
1.000000
0.000000
0.000000
0.000000
0.000000
0.000000
43.000000
228.000000
255.000000
255.000000
255.000000
255.000000
255.000000
255.000000
255.000000
255.000000
255.000000
255.000000
255.000000
255.000000
255.000000
254.000000
254.000000
254.000000
252.000000
255.000000
255.000000
192.000000
24.000000
0.000000
2.000000
5.000000
0.000000
0.000000
1.000000
2.000000
0.000000
0.000000
105.000000
255.000000
255.000000
255.000000
255.000000
255.000000
255.000000
255.000000
255.000000
255.000000
255.000000
255.000000
255.000000
255.000000
255.000000
255.000000
254.000000
251.000000
255.000000
255.000000
158.000000
7.000000
0.000000
0.000000
0.000000
0.000000
0.000000
0.000000
6.000000
0.000000
0.000000
108.000000
254.000000
255.000000
253.000000
255.000000
255.000000
255.000000
255.000000
255.000000
255.000000
255.000000
255.000000
255.000000
255.000000
255.000000
254.000000
255.000000
255.000000
255.000000
254.000000
107.000000
0.000000
0.000000
8.000000
0.000000
0.000000
0.000000
0.000000
0.000000
0.000000
2.000000
146.000000
255.000000
255.000000
248.000000
253.000000
255.000000
255.000000
255.000000
255.000000
255.000000
255.000000
255.000000
255.000000
255.000000
254.000000
254.000000
253.000000
255.000000
255.000000
189.000000
31.000000
0.000000
0.000000
0.000000
1.000000
1.000000
0.000000
3.000000
2.000000
0.000000
23.000000
191.000000
255.000000
255.000000
254.000000
253.000000
254.000000
255.000000
255.000000
255.000000
255.000000
255.000000
255.000000
255.000000
255.000000
254.000000
254.000000
255.000000
255.000000
255.000000
136.000000
0.000000
0.000000
4.000000
3.000000
0.000000
0.000000
0.000000
0.000000
0.000000
0.000000
72.000000
223.000000
255.000000
246.000000
251.000000
255.000000
255.000000
255.000000
255.000000
255.000000
255.000000
255.000000
255.000000
255.000000
255.000000
255.000000
254.000000
255.000000
255.000000
213.000000
61.000000
0.000000
0.000000
1.000000
1.000000
3.000000
2.000000
0.000000
0.000000
0.000000
55.000000
197.000000
255.000000
255.000000
254.000000
251.000000
252.000000
254.000000
255.000000
255.000000
255.000000
255.000000
255.000000
255.000000
255.000000
255.000000
255.000000
255.000000
255.000000
255.000000
194.000000
27.000000
0.000000
0.000000
0.000000
0.000000
0.000000
0.000000
0.000000
0.000000
51.000000
179.000000
255.000000
255.000000
252.000000
250.000000
255.000000
255.000000
254.000000
255.000000
255.000000
255.000000
255.000000
255.000000
255.000000
254.000000
252.000000
252.000000
254.000000
255.000000
253.000000
126.000000
0.000000
0.000000
1.000000
1.000000
1.000000
0.000000
0.000000
0.000000
50.000000
173.000000
255.000000
255.000000
254.000000
251.000000
249.000000
252.000000
255.000000
255.000000
255.000000
255.000000
255.000000
255.000000
254.000000
254.000000
255.000000
252.000000
252.000000
255.000000
255.000000
205.000000
48.000000
0.000000
0.000000
0.000000
0.000000
0.000000
0.000000
4.000000
101.000000
216.000000
255.000000
255.000000
255.000000
254.000000
254.000000
255.000000
255.000000
255.000000
255.000000
255.000000
255.000000
255.000000
255.000000
255.000000
254.000000
253.000000
254.000000
255.000000
255.000000
211.000000
88.000000
1.000000
0.000000
0.000000
0.000000
0.000000
0.000000
52.000000
150.000000
231.000000
255.000000
255.000000
253.000000
247.000000
252.000000
255.000000
255.000000
254.000000
255.000000
255.000000
255.000000
255.000000
255.000000
255.000000
255.000000
255.000000
254.000000
254.000000
255.000000
208.000000
92.000000
4.000000
0.000000
0.000000
0.000000
0.000000
2.000000
87.000000
218.000000
255.000000
255.000000
255.000000
254.000000
254.000000
254.000000
253.000000
253.000000
255.000000
255.000000
255.000000
255.000000
255.000000
255.000000
255.000000
255.000000
255.000000
255.000000
255.000000
255.000000
255.000000
179.000000
8.000000
0.000000
0.000000
0.000000
6.000000
80.000000
187.000000
241.000000
255.000000
255.000000
251.000000
249.000000
254.000000
255.000000
255.000000
255.000000
255.000000
255.000000
255.000000
255.000000
255.000000
255.000000
255.000000
255.000000
255.000000
255.000000
255.000000
255.000000
255.000000
255.000000
255.000000
241.000000
194.000000
151.000000
138.000000
187.000000
241.000000
255.000000
255.000000
255.000000
255.000000
252.000000
251.000000
254.000000
255.000000
255.000000
255.000000
255.000000
255.000000
255.000000
255.000000
255.000000
255.000000
255.000000
255.000000
255.000000
255.000000
255.000000
255.000000
255.000000
255.000000
255.000000
255.000000
255.000000
255.000000
255.000000
255.000000
255.000000
255.000000
255.000000
255.000000
255.000000
255.000000
255.000000
255.000000
255.000000
254.000000
255.000000
255.000000
255.000000
255.000000
255.000000
255.000000
255.000000
255.000000
255.000000
255.000000
255.000000
255.000000
255.000000
255.000000
255.000000
255.000000
