255.000000
255.000000
255.000000
255.000000
255.000000
255.000000
255.000000
255.000000
255.000000
254.000000
254.000000
255.000000
254.000000
254.000000
255.000000
255.000000
255.000000
255.000000
255.000000
255.000000
255.000000
254.000000
254.000000
255.000000
254.000000
253.000000
253.000000
255.000000
255.000000
255.000000
255.000000
255.000000
255.000000
255.000000
255.000000
255.000000
255.000000
255.000000
255.000000
255.000000
255.000000
254.000000
251.000000
252.000000
255.000000
255.000000
255.000000
255.000000
232.000000
228.000000
242.000000
246.000000
255.000000
255.000000
255.000000
251.000000
248.000000
252.000000
254.000000
255.000000
255.000000
255.000000
255.000000
255.000000
255.000000
255.000000
255.000000
255.000000
255.000000
255.000000
255.000000
255.000000
255.000000
255.000000
255.000000
247.000000
195.000000
108.000000
43.000000
50.000000
27.000000
26.000000
30.000000
35.000000
122.000000
209.000000
252.000000
255.000000
254.000000
253.000000
255.000000
255.000000
254.000000
254.000000
255.000000
255.000000
255.000000
255.000000
255.000000
255.000000
254.000000
253.000000
252.000000
255.000000
255.000000
241.000000
167.000000
50.000000
0.000000
0.000000
0.000000
0.000000
0.000000
0.000000
0.000000
0.000000
0.000000
0.000000
32.000000
152.000000
254.000000
255.000000
251.000000
252.000000
254.000000
254.000000
255.000000
255.000000
255.000000
255.000000
255.000000
255.000000
253.000000
255.000000
255.000000
242.000000
120.000000
9.000000
0.000000
0.000000
0.000000
0.000000
0.000000
0.000000
0.000000
0.000000
0.000000
0.000000
0.000000
0.000000
0.000000
0.000000
33.000000
195.000000
255.000000
254.000000
252.000000
255.000000
255.000000
255.000000
255.000000
254.000000
254.000000
255.000000
255.000000
255.000000
155.000000
23.000000
0.000000
0.000000
2.000000
0.000000
0.000000
0.000000
0.000000
0.000000
0.000000
0.000000
0.000000
0.000000
0.000000
1.000000
6.000000
3.000000
0.000000
21.000000
183.000000
255.000000
255.000000
254.000000
254.000000
254.000000
250.000000
251.000000
255.000000
255.000000
207.000000
54.000000
0.000000
0.000000
0.000000
1.000000
2.000000
0.000000
0.000000
0.000000
0.000000
0.000000
0.000000
0.000000
0.000000
0.000000
0.000000
0.000000
3.000000
2.000000
0.000000
0.000000
0.000000
152.000000
255.000000
255.000000
250.000000
254.000000
249.000000
255.000000
239.000000
102.000000
0.000000
0.000000
3.000000
4.000000
0.000000
0.000000
0.000000
0.000000
0.000000
0.000000
0.000000
0.000000
0.000000
0.000000
0.000000
0.000000
0.000000
0.000000
0.000000
0.000000
0.000000
2.000000
0.000000
9.000000
191.000000
255.000000
248.000000
254.000000
255.000000
169.000000
24.000000
0.000000
0.000000
2.000000
5.000000
3.000000
0.000000
0.000000
0.000000
1.000000
1.000000
2.000000
2.000000
0.000000
0.000000
0.000000
0.000000
0.000000
0.000000
1.000000
0.000000
0.000000
0.000000
4.000000
4.000000
0.000000
69.000000
249.000000
255.000000
254.000000
163.000000
0.000000
0.000000
0.000000
0.000000
0.000000
0.000000
0.000000
0.000000
0.000000
4.000000
7.000000
1.000000
0.000000
0.000000
19.000000
33.000000
26.000000
31.000000
26.000000
4.000000
0.000000
3.000000
0.000000
0.000000
0.000000
0.000000
0.000000
0.000000
159.000000
255.000000
253.000000
49.000000
0.000000
0.000000
0.000000
0.000000
0.000000
0.000000
0.000000
0.000000
0.000000
0.000000
0.000000
1.000000
44.000000
136.000000
229.000000
249.000000
239.000000
245.000000
255.000000
142.000000
0.000000
0.000000
0.000000
0.000000
0.000000
0.000000
0.000000
0.000000
83.000000
255.000000
255.000000
0.000000
0.000000
0.000000
0.000000
1.000000
4.000000
1.000000
0.000000
0.000000
0.000000
32.000000
109.000000
190.000000
255.000000
255.000000
255.000000
255.000000
255.000000
255.000000
255.000000
255.000000
125.000000
0.000000
0.000000
0.000000
0.000000
0.000000
0.000000
0.000000
0.000000
165.000000
255.000000
121.000000
0.000000
5.000000
7.000000
0.000000
0.000000
0.000000
8.000000
58.000000
161.000000
246.000000
255.000000
255.000000
254.000000
254.000000
255.000000
255.000000
255.000000
255.000000
249.000000
255.000000
191.000000
6.000000
0.000000
0.000000
0.000000
0.000000
0.000000
3.000000
0.000000
53.000000
240.000000
248.000000
219.000000
215.000000
200.000000
183.000000
152.000000
168.000000
229.000000
254.000000
255.000000
254.000000
251.000000
248.000000
252.000000
255.000000
255.000000
255.000000
255.000000
254.000000
253.000000
255.000000
176.000000
1.000000
0.000000
0.000000
0.000000
0.000000
1.000000
6.000000
0.000000
29.000000
225.000000
254.000000
255.000000
255.000000
255.000000
255.000000
255.000000
255.000000
255.000000
255.000000
255.000000
255.000000
255.000000
255.000000
255.000000
254.000000
255.000000
255.000000
255.000000
254.000000
254.000000
255.000000
179.000000
4.000000
0.000000
0.000000
0.000000
0.000000
1.000000
2.000000
0.000000
69.000000
249.000000
255.000000
255.000000
255.000000
255.000000
255.000000
255.000000
255.000000
255.000000
255.000000
255.000000
255.000000
255.000000
255.000000
255.000000
255.000000
255.000000
255.000000
255.000000
254.000000
255.000000
255.000000
158.000000
0.000000
0.000000
0.000000
0.000000
0.000000
0.000000
0.000000
0.000000
121.000000
255.000000
255.000000
255.000000
255.000000
255.000000
255.000000
255.000000
255.000000
255.000000
255.000000
255.000000
255.000000
255.000000
255.000000
255.000000
255.000000
255.000000
255.000000
255.000000
255.000000
253.000000
255.000000
153.000000
0.000000
0.000000
0.000000
0.000000
0.000000
0.000000
0.000000
25.000000
210.000000
255.000000
255.000000
255.000000
255.000000
255.000000
255.000000
255.000000
255.000000
255.000000
255.000000
255.000000
255.000000
255.000000
255.000000
255.000000
255.000000
255.000000
255.000000
255.000000
254.000000
255.000000
255.000000
83.000000
0.000000
0.000000
0.000000
0.000000
0.000000
0.000000
0.000000
101.000000
255.000000
255.000000
255.000000
255.000000
255.000000
255.000000
255.000000
255.000000
255.000000
255.000000
255.000000
255.000000
255.000000
255.000000
255.000000
255.000000
255.000000
255.000000
255.000000
255.000000
254.000000
255.000000
230.000000
44.000000
0.000000
0.000000
0.000000
0.000000
0.000000
0.000000
0.000000
156.000000
255.000000
253.000000
255.000000
255.000000
255.000000
255.000000
255.000000
255.000000
255.000000
255.000000
255.000000
255.000000
255.000000
255.000000
255.000000
255.000000
255.000000
255.000000
254.000000
254.000000
253.000000
255.000000
184.000000
6.000000
0.000000
0.000000
0.000000
0.000000
0.000000
0.000000
46.000000
225.000000
255.000000
253.000000
255.000000
255.000000
255.000000
255.000000
255.000000
255.000000
255.000000
255.000000
255.000000
255.000000
255.000000
255.000000
255.000000
255.000000
255.000000
254.000000
254.000000
255.000000
255.000000
255.000000
124.000000
0.000000
0.000000
0.000000
0.000000
0.000000
0.000000
0.000000
159.000000
255.000000
244.000000
255.000000
255.000000
255.000000
255.000000
255.000000
255.000000
255.000000
255.000000
255.000000
255.000000
255.000000
255.000000
255.000000
255.000000
255.000000
254.000000
255.000000
251.000000
249.000000
255.000000
222.000000
38.000000
0.000000
1.000000
0.000000
1.000000
3.000000
0.000000
91.000000
255.000000
255.000000
253.000000
254.000000
255.000000
255.000000
255.000000
255.000000
255.000000
255.000000
255.000000
255.000000
255.000000
255.000000
255.000000
255.000000
255.000000
255.000000
255.000000
254.000000
250.000000
250.000000
255.000000
141.000000
0.000000
0.000000
0.000000
0.000000
2.000000
0.000000
32.000000
215.000000
255.000000
255.000000
255.000000
255.000000
255.000000
255.000000
255.000000
255.000000
255.000000
255.000000
255.000000
255.000000
255.000000
255.000000
255.000000
255.000000
255.000000
255.000000
254.000000
254.000000
252.000000
255.000000
232.000000
48.000000
0.000000
3.000000
0.000000
1.000000
0.000000
0.000000
158.000000
255.000000
255.000000
254.000000
254.000000
255.000000
255.000000
255.000000
255.000000
255.000000
255.000000
255.000000
255.000000
255.000000
255.000000
255.000000
255.000000
255.000000
255.000000
255.000000
255.000000
254.000000
248.000000
255.000000
170.000000
0.000000
0.000000
0.000000
3.000000
0.000000
0.000000
155.000000
255.000000
255.000000
253.000000
254.000000
255.000000
255.000000
255.000000
255.000000
255.000000
255.000000
255.000000
255.000000
255.000000
255.000000
255.000000
255.000000
255.000000
254.000000
254.000000
254.000000
255.000000
253.000000
255.000000
255.000000
97.000000
0.000000
0.000000
0.000000
0.000000
0.000000
136.000000
255.000000
255.000000
248.000000
253.000000
255.000000
255.000000
255.000000
255.000000
255.000000
255.000000
255.000000
255.000000
255.000000
255.000000
255.000000
255.000000
255.000000
254.000000
254.000000
254.000000
250.000000
246.000000
255.000000
255.000000
109.000000
0.000000
0.000000
5.000000
0.000000
0.000000
141.000000
255.000000
255.000000
250.000000
252.000000
254.000000
254.000000
255.000000
255.000000
255.000000
255.000000
255.000000
255.000000
255.000000
255.000000
255.000000
255.000000
255.000000
255.000000
254.000000
254.000000
255.000000
249.000000
255.000000
255.000000
132.000000
0.000000
0.000000
0.000000
0.000000
18.000000
163.000000
255.000000
255.000000
251.000000
255.000000
255.000000
254.000000
254.000000
255.000000
255.000000
255.000000
255.000000
255.000000
255.000000
255.000000
255.000000
255.000000
255.000000
255.000000
255.000000
254.000000
254.000000
254.000000
255.000000
255.000000
102.000000
0.000000
0.000000
0.000000
30.000000
139.000000
237.000000
255.000000
248.000000
245.000000
251.000000
254.000000
254.000000
254.000000
255.000000
255.000000
255.000000
255.000000
255.000000
255.000000
255.000000
255.000000
255.000000
255.000000
255.000000
255.000000
255.000000
255.000000
254.000000
255.000000
241.000000
59.000000
0.000000
11.000000
88.000000
170.000000
236.000000
255.000000
255.000000
254.000000
254.000000
255.000000
254.000000
254.000000
255.000000
255.000000
255.000000
255.000000
255.000000
255.000000
255.000000
255.000000
255.000000
255.000000
255.000000
255.000000
255.000000
255.000000
255.000000
254.000000
255.000000
255.000000
209.000000
79.000000
136.000000
242.000000
255.000000
255.000000
255.000000
249.000000
245.000000
251.000000
255.000000
255.000000
255.000000
255.000000
255.000000
255.000000
255.000000
255.000000
255.000000
255.000000
255.000000
255.000000
255.000000
255.000000
255.000000
255.000000
255.000000
255.000000
255.000000
255.000000
255.000000
254.000000
254.000000
255.000000
255.000000
255.000000
254.000000
254.000000
253.000000
252.000000
251.000000
253.000000
255.000000
255.000000
255.000000
255.000000
255.000000
255.000000
255.000000
255.000000
255.000000
