255.000000
255.000000
255.000000
255.000000
255.000000
255.000000
255.000000
255.000000
255.000000
254.000000
253.000000
254.000000
253.000000
253.000000
253.000000
254.000000
254.000000
253.000000
252.000000
254.000000
254.000000
253.000000
253.000000
254.000000
254.000000
255.000000
255.000000
255.000000
255.000000
255.000000
255.000000
255.000000
255.000000
255.000000
255.000000
255.000000
255.000000
255.000000
255.000000
255.000000
254.000000
254.000000
255.000000
255.000000
255.000000
255.000000
255.000000
255.000000
255.000000
255.000000
255.000000
255.000000
255.000000
254.000000
253.000000
254.000000
254.000000
255.000000
255.000000
255.000000
255.000000
255.000000
255.000000
255.000000
255.000000
255.000000
254.000000
255.000000
255.000000
255.000000
255.000000
255.000000
255.000000
255.000000
255.000000
255.000000
233.000000
174.000000
164.000000
195.000000
203.000000
162.000000
172.000000
244.000000
255.000000
255.000000
255.000000
254.000000
254.000000
255.000000
254.000000
255.000000
255.000000
255.000000
255.000000
255.000000
255.000000
254.000000
254.000000
254.000000
253.000000
255.000000
255.000000
255.000000
235.000000
187.000000
107.000000
86.000000
52.000000
0.000000
0.000000
0.000000
1.000000
0.000000
1.000000
32.000000
63.000000
124.000000
227.000000
255.000000
255.000000
253.000000
254.000000
254.000000
254.000000
255.000000
255.000000
255.000000
255.000000
254.000000
254.000000
255.000000
255.000000
255.000000
174.000000
75.000000
24.000000
0.000000
0.000000
0.000000
0.000000
0.000000
0.000000
0.000000
0.000000
0.000000
0.000000
0.000000
0.000000
0.000000
27.000000
166.000000
255.000000
255.000000
254.000000
254.000000
254.000000
255.000000
255.000000
255.000000
255.000000
255.000000
255.000000
255.000000
180.000000
78.000000
6.000000
0.000000
0.000000
0.000000
0.000000
0.000000
0.000000
0.000000
0.000000
0.000000
0.000000
0.000000
0.000000
0.000000
0.000000
0.000000
0.000000
0.000000
86.000000
230.000000
255.000000
255.000000
254.000000
255.000000
255.000000
255.000000
253.000000
255.000000
239.000000
90.000000
0.000000
0.000000
1.000000
1.000000
0.000000
0.000000
0.000000
0.000000
0.000000
0.000000
0.000000
0.000000
0.000000
0.000000
0.000000
0.000000
0.000000
0.000000
1.000000
1.000000
0.000000
9.000000
166.000000
255.000000
255.000000
254.000000
255.000000
254.000000
255.000000
237.000000
51.000000
0.000000
0.000000
1.000000
0.000000
0.000000
0.000000
0.000000
0.000000
0.000000
0.000000
0.000000
0.000000
0.000000
0.000000
0.000000
0.000000
0.000000
0.000000
0.000000
0.000000
0.000000
0.000000
0.000000
0.000000
184.000000
255.000000
253.000000
254.000000
254.000000
255.000000
132.000000
0.000000
0.000000
1.000000
0.000000
1.000000
0.000000
0.000000
0.000000
0.000000
0.000000
0.000000
0.000000
0.000000
0.000000
0.000000
0.000000
0.000000
0.000000
0.000000
0.000000
0.000000
0.000000
0.000000
0.000000
0.000000
46.000000
237.000000
255.000000
254.000000
255.000000
232.000000
42.000000
0.000000
2.000000
0.000000
0.000000
0.000000
1.000000
0.000000
0.000000
0.000000
0.000000
0.000000
0.000000
0.000000
0.000000
0.000000
0.000000
0.000000
2.000000
37.000000
75.000000
66.000000
12.000000
0.000000
0.000000
0.000000
0.000000
117.000000
255.000000
255.000000
255.000000
245.000000
51.000000
0.000000
3.000000
0.000000
0.000000
0.000000
1.000000
0.000000
0.000000
1.000000
1.000000
0.000000
0.000000
0.000000
0.000000
2.000000
6.000000
55.000000
179.000000
250.000000
255.000000
255.000000
214.000000
50.000000
0.000000
0.000000
0.000000
40.000000
236.000000
255.000000
254.000000
255.000000
155.000000
2.000000
0.000000
0.000000
0.000000
2.000000
1.000000
1.000000
2.000000
0.000000
0.000000
0.000000
0.000000
15.000000
42.000000
160.000000
231.000000
243.000000
255.000000
255.000000
255.000000
255.000000
255.000000
176.000000
1.000000
0.000000
0.000000
0.000000
175.000000
255.000000
254.000000
255.000000
255.000000
199.000000
62.000000
0.000000
0.000000
0.000000
0.000000
0.000000
0.000000
0.000000
79.000000
162.000000
162.000000
219.000000
255.000000
255.000000
255.000000
255.000000
253.000000
253.000000
254.000000
253.000000
255.000000
242.000000
48.000000
0.000000
0.000000
0.000000
131.000000
255.000000
255.000000
253.000000
254.000000
255.000000
252.000000
210.000000
145.000000
108.000000
108.000000
128.000000
141.000000
197.000000
255.000000
255.000000
255.000000
255.000000
255.000000
255.000000
254.000000
255.000000
255.000000
254.000000
255.000000
254.000000
255.000000
252.000000
67.000000
0.000000
0.000000
0.000000
94.000000
255.000000
255.000000
255.000000
254.000000
254.000000
255.000000
255.000000
255.000000
255.000000
255.000000
255.000000
255.000000
255.000000
255.000000
254.000000
254.000000
254.000000
255.000000
255.000000
255.000000
255.000000
255.000000
255.000000
255.000000
255.000000
255.000000
255.000000
86.000000
0.000000
0.000000
0.000000
75.000000
255.000000
255.000000
255.000000
254.000000
254.000000
254.000000
253.000000
254.000000
255.000000
255.000000
255.000000
254.000000
253.000000
253.000000
253.000000
254.000000
255.000000
255.000000
255.000000
255.000000
255.000000
255.000000
255.000000
255.000000
255.000000
255.000000
255.000000
92.000000
0.000000
0.000000
0.000000
59.000000
246.000000
255.000000
255.000000
254.000000
254.000000
255.000000
255.000000
255.000000
254.000000
254.000000
254.000000
255.000000
255.000000
255.000000
255.000000
255.000000
255.000000
255.000000
255.000000
255.000000
255.000000
255.000000
255.000000
254.000000
254.000000
255.000000
255.000000
80.000000
0.000000
0.000000
0.000000
40.000000
233.000000
255.000000
255.000000
255.000000
255.000000
255.000000
255.000000
255.000000
255.000000
255.000000
255.000000
255.000000
255.000000
255.000000
255.000000
255.000000
254.000000
255.000000
255.000000
255.000000
255.000000
255.000000
255.000000
255.000000
253.000000
255.000000
244.000000
53.000000
0.000000
1.000000
0.000000
68.000000
251.000000
255.000000
255.000000
255.000000
255.000000
255.000000
255.000000
255.000000
255.000000
255.000000
255.000000
255.000000
255.000000
255.000000
255.000000
255.000000
255.000000
255.000000
255.000000
255.000000
255.000000
255.000000
255.000000
255.000000
254.000000
255.000000
202.000000
14.000000
0.000000
1.000000
0.000000
95.000000
255.000000
255.000000
255.000000
255.000000
255.000000
255.000000
255.000000
255.000000
255.000000
255.000000
255.000000
255.000000
255.000000
255.000000
255.000000
255.000000
255.000000
255.000000
255.000000
255.000000
255.000000
254.000000
254.000000
254.000000
255.000000
255.000000
132.000000
0.000000
0.000000
1.000000
0.000000
75.000000
255.000000
255.000000
255.000000
255.000000
255.000000
255.000000
255.000000
255.000000
255.000000
255.000000
255.000000
255.000000
255.000000
255.000000
255.000000
255.000000
255.000000
255.000000
255.000000
255.000000
254.000000
254.000000
253.000000
253.000000
255.000000
199.000000
14.000000
0.000000
1.000000
1.000000
0.000000
30.000000
210.000000
255.000000
255.000000
255.000000
255.000000
255.000000
255.000000
255.000000
255.000000
255.000000
255.000000
255.000000
255.000000
255.000000
255.000000
255.000000
255.000000
255.000000
255.000000
255.000000
255.000000
254.000000
253.000000
255.000000
223.000000
46.000000
0.000000
3.000000
1.000000
0.000000
0.000000
0.000000
178.000000
255.000000
255.000000
255.000000
255.000000
255.000000
255.000000
255.000000
255.000000
255.000000
255.000000
255.000000
255.000000
255.000000
255.000000
255.000000
255.000000
255.000000
255.000000
255.000000
255.000000
254.000000
253.000000
255.000000
154.000000
0.000000
0.000000
0.000000
3.000000
0.000000
0.000000
0.000000
143.000000
255.000000
255.000000
255.000000
255.000000
255.000000
255.000000
255.000000
255.000000
255.000000
255.000000
255.000000
255.000000
255.000000
255.000000
255.000000
255.000000
255.000000
255.000000
255.000000
255.000000
255.000000
255.000000
255.000000
98.000000
0.000000
0.000000
0.000000
0.000000
0.000000
0.000000
0.000000
126.000000
255.000000
255.000000
255.000000
255.000000
255.000000
255.000000
255.000000
255.000000
255.000000
255.000000
255.000000
255.000000
255.000000
255.000000
255.000000
255.000000
255.000000
255.000000
255.000000
254.000000
254.000000
255.000000
244.000000
66.000000
0.000000
0.000000
0.000000
0.000000
1.000000
0.000000
14.000000
206.000000
255.000000
255.000000
255.000000
255.000000
255.000000
255.000000
255.000000
255.000000
255.000000
255.000000
255.000000
255.000000
255.000000
255.000000
255.000000
255.000000
255.000000
255.000000
255.000000
255.000000
254.000000
255.000000
224.000000
38.000000
0.000000
0.000000
2.000000
1.000000
1.000000
0.000000
47.000000
237.000000
255.000000
255.000000
255.000000
255.000000
255.000000
255.000000
255.000000
255.000000
255.000000
255.000000
255.000000
255.000000
255.000000
255.000000
255.000000
255.000000
255.000000
255.000000
255.000000
255.000000
255.000000
255.000000
255.000000
71.000000
0.000000
1.000000
1.000000
1.000000
0.000000
0.000000
143.000000
255.000000
255.000000
255.000000
255.000000
255.000000
255.000000
255.000000
255.000000
255.000000
255.000000
255.000000
255.000000
255.000000
255.000000
255.000000
255.000000
255.000000
255.000000
255.000000
255.000000
255.000000
254.000000
253.000000
255.000000
159.000000
0.000000
0.000000
0.000000
0.000000
0.000000
37.000000
227.000000
255.000000
254.000000
255.000000
255.000000
255.000000
255.000000
255.000000
255.000000
255.000000
255.000000
255.000000
255.000000
255.000000
255.000000
255.000000
255.000000
255.000000
255.000000
255.000000
255.000000
254.000000
253.000000
252.000000
255.000000
230.000000
45.000000
0.000000
0.000000
0.000000
0.000000
174.000000
255.000000
255.000000
254.000000
255.000000
255.000000
255.000000
255.000000
255.000000
255.000000
255.000000
255.000000
255.000000
255.000000
255.000000
255.000000
255.000000
255.000000
255.000000
255.000000
255.000000
255.000000
255.000000
254.000000
254.000000
255.000000
255.000000
221.000000
57.000000
0.000000
17.000000
139.000000
255.000000
255.000000
253.000000
255.000000
255.000000
255.000000
255.000000
255.000000
255.000000
255.000000
255.000000
255.000000
255.000000
255.000000
255.000000
255.000000
255.000000
255.000000
255.000000
255.000000
255.000000
255.000000
255.000000
255.000000
255.000000
255.000000
255.000000
255.000000
245.000000
229.000000
236.000000
255.000000
255.000000
254.000000
253.000000
254.000000
255.000000
255.000000
255.000000
255.000000
255.000000
255.000000
255.000000
255.000000
255.000000
255.000000
255.000000
255.000000
255.000000
255.000000
255.000000
255.000000
255.000000
255.000000
255.000000
255.000000
255.000000
255.000000
254.000000
254.000000
255.000000
255.000000
255.000000
254.000000
253.000000
253.000000
253.000000
253.000000
