255.000000
255.000000
254.000000
255.000000
255.000000
255.000000
255.000000
255.000000
255.000000
255.000000
255.000000
255.000000
255.000000
255.000000
255.000000
255.000000
255.000000
255.000000
255.000000
255.000000
255.000000
255.000000
254.000000
255.000000
255.000000
255.000000
255.000000
255.000000
254.000000
255.000000
255.000000
255.000000
253.000000
253.000000
255.000000
252.000000
252.000000
254.000000
253.000000
253.000000
254.000000
253.000000
255.000000
255.000000
253.000000
250.000000
252.000000
252.000000
252.000000
252.000000
252.000000
252.000000
251.000000
253.000000
255.000000
251.000000
254.000000
251.000000
254.000000
252.000000
253.000000
254.000000
255.000000
255.000000
252.000000
254.000000
253.000000
250.000000
252.000000
255.000000
249.000000
246.000000
253.000000
248.000000
248.000000
249.000000
255.000000
255.000000
255.000000
255.000000
255.000000
255.000000
255.000000
255.000000
255.000000
255.000000
252.000000
250.000000
250.000000
251.000000
248.000000
248.000000
254.000000
254.000000
255.000000
254.000000
254.000000
253.000000
254.000000
255.000000
254.000000
253.000000
251.000000
253.000000
247.000000
245.000000
255.000000
255.000000
254.000000
199.000000
163.000000
172.000000
185.000000
133.000000
131.000000
168.000000
210.000000
251.000000
255.000000
255.000000
250.000000
244.000000
250.000000
252.000000
254.000000
255.000000
255.000000
255.000000
252.000000
251.000000
255.000000
255.000000
251.000000
252.000000
251.000000
252.000000
255.000000
255.000000
227.000000
184.000000
86.000000
21.000000
6.000000
4.000000
12.000000
0.000000
0.000000
2.000000
28.000000
83.000000
168.000000
255.000000
255.000000
246.000000
249.000000
254.000000
255.000000
254.000000
254.000000
254.000000
253.000000
255.000000
253.000000
250.000000
255.000000
255.000000
255.000000
255.000000
249.000000
148.000000
35.000000
0.000000
0.000000
0.000000
7.000000
0.000000
0.000000
4.000000
2.000000
1.000000
0.000000
0.000000
0.000000
82.000000
214.000000
255.000000
252.000000
247.000000
252.000000
253.000000
252.000000
253.000000
253.000000
253.000000
250.000000
255.000000
255.000000
224.000000
196.000000
153.000000
55.000000
0.000000
0.000000
0.000000
2.000000
5.000000
3.000000
1.000000
3.000000
1.000000
0.000000
0.000000
1.000000
1.000000
0.000000
0.000000
21.000000
173.000000
255.000000
250.000000
248.000000
250.000000
252.000000
253.000000
253.000000
251.000000
255.000000
255.000000
177.000000
23.000000
7.000000
0.000000
0.000000
0.000000
0.000000
1.000000
0.000000
0.000000
1.000000
0.000000
0.000000
0.000000
0.000000
1.000000
2.000000
1.000000
2.000000
1.000000
0.000000
9.000000
173.000000
255.000000
249.000000
249.000000
253.000000
252.000000
252.000000
255.000000
254.000000
134.000000
11.000000
0.000000
0.000000
0.000000
1.000000
0.000000
0.000000
0.000000
0.000000
0.000000
0.000000
0.000000
0.000000
0.000000
1.000000
4.000000
3.000000
0.000000
1.000000
8.000000
12.000000
0.000000
8.000000
207.000000
255.000000
249.000000
255.000000
251.000000
255.000000
218.000000
61.000000
0.000000
0.000000
4.000000
3.000000
1.000000
0.000000
0.000000
0.000000
0.000000
1.000000
0.000000
1.000000
0.000000
0.000000
1.000000
1.000000
1.000000
3.000000
4.000000
4.000000
3.000000
8.000000
3.000000
0.000000
66.000000
244.000000
253.000000
252.000000
254.000000
236.000000
54.000000
0.000000
0.000000
3.000000
0.000000
0.000000
0.000000
0.000000
0.000000
0.000000
0.000000
0.000000
0.000000
1.000000
0.000000
1.000000
6.000000
5.000000
0.000000
0.000000
0.000000
0.000000
4.000000
1.000000
4.000000
3.000000
0.000000
166.000000
255.000000
249.000000
252.000000
124.000000
0.000000
9.000000
6.000000
7.000000
5.000000
0.000000
0.000000
0.000000
0.000000
0.000000
0.000000
0.000000
0.000000
1.000000
0.000000
1.000000
0.000000
0.000000
0.000000
36.000000
45.000000
0.000000
0.000000
3.000000
1.000000
10.000000
0.000000
71.000000
248.000000
253.000000
251.000000
41.000000
0.000000
3.000000
0.000000
7.000000
6.000000
0.000000
1.000000
1.000000
4.000000
0.000000
4.000000
5.000000
0.000000
0.000000
0.000000
0.000000
13.000000
91.000000
168.000000
232.000000
244.000000
178.000000
47.000000
0.000000
0.000000
4.000000
0.000000
16.000000
202.000000
255.000000
249.000000
21.000000
0.000000
1.000000
3.000000
0.000000
0.000000
2.000000
1.000000
1.000000
3.000000
1.000000
6.000000
10.000000
0.000000
0.000000
23.000000
124.000000
211.000000
255.000000
255.000000
255.000000
255.000000
255.000000
238.000000
88.000000
0.000000
1.000000
1.000000
0.000000
164.000000
255.000000
250.000000
31.000000
0.000000
2.000000
1.000000
0.000000
1.000000
1.000000
0.000000
1.000000
1.000000
7.000000
2.000000
0.000000
5.000000
98.000000
214.000000
255.000000
255.000000
255.000000
245.000000
246.000000
252.000000
250.000000
255.000000
253.000000
48.000000
0.000000
7.000000
0.000000
126.000000
255.000000
255.000000
47.000000
0.000000
6.000000
0.000000
3.000000
2.000000
2.000000
2.000000
2.000000
7.000000
2.000000
0.000000
50.000000
180.000000
255.000000
255.000000
255.000000
249.000000
251.000000
253.000000
250.000000
249.000000
253.000000
248.000000
255.000000
199.000000
14.000000
1.000000
0.000000
84.000000
254.000000
255.000000
133.000000
0.000000
6.000000
5.000000
1.000000
1.000000
4.000000
2.000000
4.000000
0.000000
0.000000
100.000000
238.000000
255.000000
247.000000
251.000000
252.000000
252.000000
250.000000
252.000000
253.000000
252.000000
253.000000
253.000000
255.000000
255.000000
90.000000
0.000000
0.000000
63.000000
251.000000
255.000000
250.000000
62.000000
0.000000
3.000000
1.000000
2.000000
3.000000
3.000000
0.000000
15.000000
156.000000
255.000000
255.000000
248.000000
250.000000
252.000000
248.000000
251.000000
254.000000
252.000000
250.000000
253.000000
252.000000
252.000000
249.000000
255.000000
153.000000
0.000000
0.000000
65.000000
252.000000
255.000000
255.000000
124.000000
0.000000
0.000000
4.000000
1.000000
5.000000
0.000000
20.000000
186.000000
255.000000
255.000000
251.000000
252.000000
254.000000
253.000000
254.000000
254.000000
255.000000
255.000000
255.000000
254.000000
252.000000
251.000000
249.000000
255.000000
195.000000
2.000000
0.000000
78.000000
255.000000
255.000000
255.000000
188.000000
0.000000
0.000000
6.000000
4.000000
4.000000
1.000000
189.000000
255.000000
252.000000
250.000000
255.000000
255.000000
255.000000
255.000000
254.000000
255.000000
254.000000
254.000000
254.000000
255.000000
254.000000
254.000000
253.000000
255.000000
224.000000
28.000000
0.000000
115.000000
255.000000
254.000000
253.000000
255.000000
120.000000
41.000000
0.000000
0.000000
0.000000
139.000000
255.000000
252.000000
245.000000
252.000000
255.000000
254.000000
255.000000
255.000000
255.000000
255.000000
255.000000
255.000000
254.000000
255.000000
254.000000
252.000000
252.000000
255.000000
231.000000
36.000000
0.000000
153.000000
255.000000
251.000000
248.000000
251.000000
255.000000
236.000000
160.000000
134.000000
153.000000
253.000000
255.000000
250.000000
250.000000
250.000000
255.000000
254.000000
255.000000
255.000000
255.000000
255.000000
255.000000
255.000000
255.000000
254.000000
255.000000
254.000000
253.000000
255.000000
214.000000
18.000000
1.000000
184.000000
255.000000
253.000000
253.000000
250.000000
255.000000
255.000000
255.000000
255.000000
255.000000
252.000000
250.000000
250.000000
253.000000
252.000000
254.000000
254.000000
255.000000
255.000000
255.000000
255.000000
255.000000
255.000000
255.000000
254.000000
254.000000
253.000000
252.000000
255.000000
210.000000
10.000000
19.000000
214.000000
255.000000
253.000000
254.000000
253.000000
254.000000
250.000000
247.000000
250.000000
251.000000
253.000000
253.000000
254.000000
252.000000
253.000000
254.000000
255.000000
255.000000
255.000000
255.000000
255.000000
255.000000
255.000000
254.000000
255.000000
254.000000
252.000000
254.000000
255.000000
212.000000
10.000000
46.000000
238.000000
255.000000
250.000000
255.000000
254.000000
255.000000
255.000000
253.000000
255.000000
255.000000
255.000000
254.000000
254.000000
255.000000
255.000000
254.000000
254.000000
255.000000
255.000000
255.000000
255.000000
255.000000
255.000000
255.000000
254.000000
253.000000
253.000000
254.000000
255.000000
193.000000
0.000000
98.000000
255.000000
251.000000
253.000000
255.000000
254.000000
254.000000
255.000000
255.000000
255.000000
255.000000
255.000000
255.000000
255.000000
254.000000
255.000000
254.000000
255.000000
255.000000
255.000000
255.000000
255.000000
255.000000
255.000000
255.000000
254.000000
255.000000
254.000000
255.000000
255.000000
179.000000
0.000000
145.000000
255.000000
249.000000
252.000000
255.000000
255.000000
255.000000
255.000000
255.000000
255.000000
255.000000
255.000000
255.000000
255.000000
255.000000
255.000000
255.000000
255.000000
255.000000
255.000000
255.000000
255.000000
255.000000
255.000000
255.000000
255.000000
255.000000
254.000000
252.000000
255.000000
167.000000
0.000000
185.000000
255.000000
252.000000
255.000000
255.000000
255.000000
255.000000
255.000000
255.000000
255.000000
255.000000
255.000000
255.000000
255.000000
255.000000
255.000000
255.000000
255.000000
255.000000
255.000000
255.000000
255.000000
255.000000
255.000000
254.000000
254.000000
255.000000
252.000000
252.000000
255.000000
151.000000
0.000000
224.000000
255.000000
250.000000
253.000000
255.000000
255.000000
255.000000
255.000000
255.000000
255.000000
255.000000
255.000000
255.000000
255.000000
255.000000
255.000000
255.000000
255.000000
255.000000
255.000000
255.000000
255.000000
255.000000
255.000000
254.000000
254.000000
253.000000
251.000000
252.000000
255.000000
146.000000
12.000000
237.000000
255.000000
252.000000
250.000000
255.000000
255.000000
255.000000
255.000000
255.000000
255.000000
255.000000
255.000000
255.000000
255.000000
255.000000
255.000000
255.000000
255.000000
255.000000
255.000000
255.000000
255.000000
255.000000
255.000000
254.000000
253.000000
251.000000
251.000000
251.000000
255.000000
145.000000
29.000000
242.000000
255.000000
254.000000
252.000000
255.000000
255.000000
255.000000
255.000000
255.000000
255.000000
255.000000
255.000000
255.000000
255.000000
255.000000
255.000000
255.000000
255.000000
255.000000
255.000000
255.000000
255.000000
255.000000
255.000000
255.000000
254.000000
255.000000
253.000000
250.000000
255.000000
148.000000
100.000000
254.000000
254.000000
253.000000
255.000000
255.000000
255.000000
255.000000
255.000000
255.000000
255.000000
255.000000
255.000000
255.000000
255.000000
255.000000
255.000000
255.000000
255.000000
255.000000
255.000000
255.000000
255.000000
255.000000
255.000000
255.000000
254.000000
254.000000
252.000000
252.000000
255.000000
219.000000
226.000000
255.000000
252.000000
254.000000
255.000000
