253.000000
253.000000
254.000000
254.000000
253.000000
253.000000
254.000000
254.000000
254.000000
253.000000
253.000000
254.000000
254.000000
254.000000
254.000000
253.000000
253.000000
253.000000
254.000000
254.000000
254.000000
254.000000
254.000000
254.000000
255.000000
254.000000
254.000000
254.000000
254.000000
253.000000
253.000000
253.000000
253.000000
253.000000
253.000000
254.000000
253.000000
252.000000
252.000000
254.000000
254.000000
254.000000
253.000000
253.000000
253.000000
253.000000
252.000000
252.000000
252.000000
253.000000
254.000000
254.000000
254.000000
254.000000
254.000000
254.000000
254.000000
254.000000
254.000000
254.000000
254.000000
253.000000
253.000000
253.000000
253.000000
253.000000
253.000000
255.000000
254.000000
251.000000
252.000000
254.000000
255.000000
255.000000
252.000000
251.000000
252.000000
252.000000
251.000000
252.000000
251.000000
253.000000
253.000000
254.000000
254.000000
254.000000
254.000000
254.000000
254.000000
254.000000
254.000000
254.000000
253.000000
254.000000
253.000000
253.000000
254.000000
255.000000
252.000000
248.000000
252.000000
255.000000
255.000000
254.000000
249.000000
251.000000
255.000000
255.000000
255.000000
255.000000
254.000000
254.000000
254.000000
254.000000
253.000000
253.000000
253.000000
253.000000
254.000000
254.000000
254.000000
254.000000
254.000000
254.000000
254.000000
254.000000
253.000000
253.000000
251.000000
231.000000
185.000000
154.000000
186.000000
230.000000
235.000000
194.000000
156.000000
171.000000
212.000000
230.000000
247.000000
248.000000
255.000000
252.000000
254.000000
255.000000
255.000000
255.000000
255.000000
255.000000
255.000000
255.000000
253.000000
252.000000
252.000000
254.000000
254.000000
254.000000
254.000000
254.000000
250.000000
200.000000
96.000000
26.000000
42.000000
91.000000
99.000000
54.000000
24.000000
27.000000
49.000000
79.000000
119.000000
146.000000
183.000000
191.000000
201.000000
229.000000
241.000000
243.000000
240.000000
245.000000
253.000000
255.000000
255.000000
255.000000
255.000000
254.000000
253.000000
253.000000
254.000000
254.000000
255.000000
192.000000
70.000000
0.000000
0.000000
0.000000
3.000000
1.000000
0.000000
0.000000
0.000000
0.000000
3.000000
15.000000
31.000000
34.000000
43.000000
80.000000
110.000000
110.000000
108.000000
124.000000
163.000000
208.000000
231.000000
245.000000
253.000000
255.000000
253.000000
253.000000
254.000000
254.000000
255.000000
178.000000
52.000000
0.000000
0.000000
0.000000
0.000000
0.000000
0.000000
2.000000
0.000000
0.000000
0.000000
0.000000
0.000000
0.000000
0.000000
2.000000
6.000000
5.000000
5.000000
8.000000
19.000000
61.000000
99.000000
141.000000
193.000000
239.000000
253.000000
255.000000
254.000000
254.000000
255.000000
196.000000
88.000000
16.000000
5.000000
1.000000
0.000000
0.000000
1.000000
0.000000
1.000000
2.000000
1.000000
1.000000
2.000000
3.000000
0.000000
0.000000
0.000000
0.000000
0.000000
0.000000
0.000000
0.000000
0.000000
7.000000
75.000000
191.000000
246.000000
255.000000
255.000000
253.000000
255.000000
239.000000
191.000000
139.000000
61.000000
12.000000
0.000000
0.000000
0.000000
0.000000
0.000000
0.000000
1.000000
1.000000
1.000000
1.000000
0.000000
0.000000
0.000000
0.000000
0.000000
0.000000
0.000000
0.000000
0.000000
0.000000
26.000000
157.000000
234.000000
254.000000
255.000000
253.000000
254.000000
255.000000
253.000000
246.000000
119.000000
10.000000
0.000000
0.000000
0.000000
0.000000
0.000000
0.000000
0.000000
0.000000
0.000000
0.000000
0.000000
0.000000
0.000000
0.000000
0.000000
0.000000
0.000000
0.000000
0.000000
0.000000
30.000000
157.000000
232.000000
255.000000
255.000000
253.000000
252.000000
255.000000
255.000000
239.000000
139.000000
25.000000
9.000000
1.000000
1.000000
1.000000
2.000000
2.000000
2.000000
2.000000
1.000000
1.000000
1.000000
1.000000
2.000000
2.000000
3.000000
3.000000
2.000000
0.000000
0.000000
2.000000
66.000000
185.000000
242.000000
255.000000
255.000000
254.000000
252.000000
254.000000
255.000000
249.000000
212.000000
157.000000
118.000000
78.000000
55.000000
55.000000
61.000000
63.000000
62.000000
60.000000
57.000000
57.000000
56.000000
57.000000
59.000000
68.000000
66.000000
40.000000
20.000000
0.000000
0.000000
15.000000
117.000000
225.000000
253.000000
255.000000
254.000000
254.000000
253.000000
253.000000
254.000000
255.000000
255.000000
255.000000
255.000000
235.000000
220.000000
222.000000
226.000000
227.000000
227.000000
226.000000
226.000000
225.000000
224.000000
226.000000
229.000000
240.000000
218.000000
111.000000
30.000000
0.000000
0.000000
20.000000
137.000000
238.000000
255.000000
255.000000
254.000000
254.000000
253.000000
253.000000
254.000000
255.000000
255.000000
255.000000
255.000000
255.000000
255.000000
255.000000
255.000000
255.000000
255.000000
255.000000
255.000000
255.000000
255.000000
255.000000
255.000000
255.000000
248.000000
143.000000
28.000000
0.000000
0.000000
27.000000
136.000000
234.000000
255.000000
255.000000
254.000000
254.000000
255.000000
255.000000
255.000000
254.000000
254.000000
254.000000
253.000000
254.000000
255.000000
255.000000
255.000000
255.000000
255.000000
255.000000
255.000000
255.000000
254.000000
255.000000
255.000000
255.000000
236.000000
154.000000
36.000000
0.000000
0.000000
73.000000
184.000000
247.000000
255.000000
255.000000
253.000000
254.000000
255.000000
255.000000
255.000000
254.000000
255.000000
255.000000
255.000000
255.000000
254.000000
254.000000
254.000000
254.000000
254.000000
254.000000
254.000000
253.000000
253.000000
255.000000
255.000000
255.000000
233.000000
154.000000
24.000000
0.000000
23.000000
133.000000
232.000000
255.000000
255.000000
254.000000
253.000000
254.000000
254.000000
254.000000
254.000000
254.000000
254.000000
254.000000
254.000000
254.000000
254.000000
254.000000
254.000000
254.000000
254.000000
254.000000
254.000000
254.000000
253.000000
255.000000
255.000000
255.000000
208.000000
106.000000
0.000000
0.000000
70.000000
188.000000
248.000000
255.000000
252.000000
252.000000
254.000000
254.000000
254.000000
254.000000
254.000000
254.000000
254.000000
254.000000
254.000000
254.000000
254.000000
254.000000
254.000000
254.000000
254.000000
254.000000
254.000000
254.000000
254.000000
255.000000
255.000000
243.000000
157.000000
24.000000
0.000000
0.000000
115.000000
222.000000
253.000000
255.000000
251.000000
253.000000
254.000000
254.000000
254.000000
254.000000
254.000000
254.000000
254.000000
255.000000
255.000000
254.000000
254.000000
254.000000
255.000000
254.000000
254.000000
255.000000
254.000000
254.000000
255.000000
255.000000
255.000000
219.000000
86.000000
0.000000
0.000000
61.000000
182.000000
247.000000
254.000000
254.000000
250.000000
253.000000
254.000000
255.000000
255.000000
254.000000
254.000000
254.000000
254.000000
254.000000
254.000000
254.000000
254.000000
254.000000
254.000000
254.000000
254.000000
254.000000
254.000000
253.000000
255.000000
255.000000
250.000000
191.000000
34.000000
0.000000
13.000000
125.000000
229.000000
255.000000
255.000000
252.000000
252.000000
254.000000
254.000000
254.000000
254.000000
255.000000
255.000000
254.000000
254.000000
254.000000
254.000000
254.000000
254.000000
254.000000
253.000000
253.000000
253.000000
254.000000
253.000000
252.000000
255.000000
255.000000
234.000000
139.000000
2.000000
0.000000
33.000000
158.000000
244.000000
255.000000
254.000000
251.000000
254.000000
254.000000
254.000000
254.000000
255.000000
255.000000
255.000000
254.000000
254.000000
254.000000
254.000000
254.000000
253.000000
253.000000
253.000000
253.000000
253.000000
252.000000
251.000000
251.000000
255.000000
255.000000
219.000000
106.000000
0.000000
0.000000
55.000000
178.000000
248.000000
255.000000
253.000000
251.000000
253.000000
254.000000
254.000000
254.000000
255.000000
255.000000
255.000000
254.000000
254.000000
254.000000
254.000000
253.000000
253.000000
253.000000
253.000000
252.000000
251.000000
249.000000
251.000000
249.000000
255.000000
255.000000
215.000000
67.000000
0.000000
36.000000
133.000000
223.000000
254.000000
253.000000
252.000000
252.000000
253.000000
254.000000
254.000000
254.000000
255.000000
255.000000
255.000000
254.000000
254.000000
254.000000
254.000000
253.000000
253.000000
253.000000
253.000000
253.000000
253.000000
252.000000
254.000000
255.000000
255.000000
246.000000
143.000000
1.000000
9.000000
140.000000
226.000000
254.000000
255.000000
250.000000
250.000000
252.000000
254.000000
254.000000
254.000000
254.000000
255.000000
255.000000
255.000000
254.000000
254.000000
254.000000
254.000000
253.000000
253.000000
253.000000
252.000000
254.000000
255.000000
255.000000
253.000000
249.000000
224.000000
149.000000
32.000000
0.000000
99.000000
213.000000
255.000000
255.000000
253.000000
253.000000
252.000000
252.000000
253.000000
254.000000
254.000000
254.000000
255.000000
255.000000
255.000000
254.000000
254.000000
254.000000
254.000000
253.000000
253.000000
253.000000
251.000000
253.000000
253.000000
255.000000
234.000000
166.000000
101.000000
27.000000
0.000000
59.000000
199.000000
248.000000
255.000000
253.000000
251.000000
254.000000
253.000000
253.000000
253.000000
254.000000
254.000000
254.000000
255.000000
255.000000
255.000000
254.000000
254.000000
254.000000
254.000000
253.000000
253.000000
253.000000
250.000000
252.000000
254.000000
255.000000
226.000000
127.000000
18.000000
0.000000
29.000000
156.000000
242.000000
255.000000
252.000000
252.000000
252.000000
252.000000
252.000000
253.000000
253.000000
254.000000
254.000000
254.000000
255.000000
255.000000
255.000000
254.000000
254.000000
254.000000
254.000000
253.000000
253.000000
253.000000
252.000000
252.000000
253.000000
254.000000
248.000000
211.000000
86.000000
19.000000
95.000000
200.000000
253.000000
255.000000
252.000000
252.000000
252.000000
253.000000
253.000000
253.000000
253.000000
254.000000
254.000000
254.000000
255.000000
255.000000
255.000000
254.000000
254.000000
254.000000
254.000000
254.000000
254.000000
253.000000
254.000000
254.000000
252.000000
254.000000
255.000000
255.000000
198.000000
113.000000
156.000000
223.000000
253.000000
255.000000
254.000000
253.000000
253.000000
254.000000
254.000000
254.000000
253.000000
254.000000
254.000000
254.000000
255.000000
255.000000
255.000000
254.000000
254.000000
254.000000
254.000000
254.000000
254.000000
253.000000
254.000000
254.000000
253.000000
252.000000
253.000000
254.000000
248.000000
232.000000
232.000000
244.000000
252.000000
254.000000
253.000000
254.000000
254.000000
254.000000
254.000000
254.000000
254.000000
254.000000
254.000000
253.000000
255.000000
255.000000
255.000000
254.000000
254.000000
254.000000
254.000000
254.000000
253.000000
252.000000
252.000000
253.000000
253.000000
253.000000
252.000000
250.000000
253.000000
255.000000
255.000000
254.000000
252.000000
252.000000
253.000000
254.000000
254.000000
254.000000
254.000000
253.000000
254.000000
254.000000
254.000000
254.000000
