254.000000
253.000000
253.000000
253.000000
252.000000
251.000000
251.000000
251.000000
252.000000
251.000000
252.000000
254.000000
253.000000
253.000000
253.000000
254.000000
254.000000
254.000000
254.000000
254.000000
254.000000
254.000000
254.000000
254.000000
254.000000
254.000000
254.000000
254.000000
254.000000
254.000000
254.000000
254.000000
254.000000
253.000000
253.000000
254.000000
253.000000
253.000000
254.000000
255.000000
253.000000
252.000000
254.000000
251.000000
252.000000
254.000000
253.000000
253.000000
254.000000
254.000000
254.000000
254.000000
254.000000
254.000000
254.000000
254.000000
254.000000
254.000000
254.000000
254.000000
254.000000
254.000000
254.000000
254.000000
253.000000
254.000000
252.000000
253.000000
253.000000
252.000000
254.000000
255.000000
255.000000
254.000000
253.000000
253.000000
253.000000
252.000000
253.000000
252.000000
252.000000
253.000000
253.000000
253.000000
253.000000
253.000000
254.000000
253.000000
254.000000
253.000000
253.000000
254.000000
254.000000
253.000000
254.000000
254.000000
254.000000
253.000000
254.000000
253.000000
252.000000
255.000000
238.000000
210.000000
220.000000
245.000000
249.000000
252.000000
255.000000
255.000000
255.000000
255.000000
254.000000
252.000000
252.000000
253.000000
254.000000
254.000000
253.000000
254.000000
253.000000
254.000000
254.000000
253.000000
253.000000
254.000000
253.000000
254.000000
253.000000
252.000000
253.000000
252.000000
255.000000
214.000000
98.000000
26.000000
57.000000
112.000000
126.000000
143.000000
160.000000
199.000000
232.000000
246.000000
253.000000
255.000000
255.000000
253.000000
252.000000
252.000000
254.000000
253.000000
254.000000
253.000000
253.000000
254.000000
254.000000
253.000000
254.000000
254.000000
251.000000
253.000000
252.000000
255.000000
215.000000
77.000000
0.000000
0.000000
0.000000
0.000000
0.000000
0.000000
0.000000
33.000000
73.000000
105.000000
153.000000
208.000000
240.000000
251.000000
255.000000
252.000000
252.000000
252.000000
252.000000
251.000000
251.000000
252.000000
253.000000
253.000000
253.000000
254.000000
252.000000
252.000000
255.000000
237.000000
97.000000
0.000000
2.000000
4.000000
3.000000
8.000000
6.000000
5.000000
4.000000
1.000000
0.000000
0.000000
7.000000
39.000000
84.000000
144.000000
215.000000
247.000000
255.000000
253.000000
250.000000
250.000000
252.000000
253.000000
253.000000
253.000000
253.000000
254.000000
252.000000
250.000000
238.000000
104.000000
4.000000
0.000000
3.000000
0.000000
1.000000
0.000000
0.000000
0.000000
0.000000
4.000000
6.000000
5.000000
3.000000
0.000000
0.000000
2.000000
35.000000
112.000000
212.000000
255.000000
255.000000
253.000000
252.000000
252.000000
253.000000
253.000000
253.000000
254.000000
251.000000
254.000000
150.000000
25.000000
3.000000
11.000000
0.000000
1.000000
0.000000
0.000000
1.000000
0.000000
1.000000
3.000000
3.000000
1.000000
1.000000
5.000000
5.000000
0.000000
0.000000
0.000000
43.000000
156.000000
242.000000
255.000000
253.000000
252.000000
253.000000
253.000000
253.000000
254.000000
252.000000
255.000000
166.000000
37.000000
0.000000
1.000000
2.000000
1.000000
2.000000
1.000000
2.000000
0.000000
2.000000
1.000000
0.000000
0.000000
0.000000
0.000000
0.000000
3.000000
5.000000
1.000000
0.000000
0.000000
100.000000
227.000000
255.000000
251.000000
253.000000
252.000000
253.000000
253.000000
255.000000
255.000000
155.000000
31.000000
0.000000
0.000000
2.000000
5.000000
4.000000
5.000000
4.000000
2.000000
1.000000
2.000000
3.000000
3.000000
2.000000
2.000000
1.000000
0.000000
0.000000
2.000000
4.000000
0.000000
0.000000
118.000000
239.000000
255.000000
253.000000
253.000000
253.000000
254.000000
252.000000
255.000000
146.000000
24.000000
0.000000
1.000000
1.000000
0.000000
0.000000
0.000000
0.000000
0.000000
0.000000
0.000000
0.000000
0.000000
0.000000
8.000000
15.000000
3.000000
0.000000
2.000000
1.000000
5.000000
0.000000
12.000000
146.000000
255.000000
255.000000
253.000000
252.000000
253.000000
254.000000
255.000000
244.000000
121.000000
13.000000
0.000000
0.000000
0.000000
0.000000
4.000000
8.000000
5.000000
1.000000
0.000000
0.000000
0.000000
0.000000
0.000000
0.000000
1.000000
3.000000
1.000000
1.000000
0.000000
2.000000
0.000000
56.000000
191.000000
255.000000
251.000000
251.000000
252.000000
252.000000
251.000000
255.000000
238.000000
144.000000
63.000000
65.000000
83.000000
100.000000
140.000000
155.000000
149.000000
133.000000
116.000000
123.000000
127.000000
113.000000
83.000000
39.000000
5.000000
0.000000
2.000000
1.000000
0.000000
0.000000
2.000000
0.000000
111.000000
255.000000
254.000000
253.000000
250.000000
251.000000
250.000000
251.000000
254.000000
254.000000
240.000000
237.000000
248.000000
251.000000
255.000000
255.000000
255.000000
255.000000
255.000000
255.000000
255.000000
255.000000
249.000000
215.000000
139.000000
47.000000
1.000000
0.000000
1.000000
0.000000
2.000000
0.000000
67.000000
212.000000
255.000000
254.000000
253.000000
252.000000
253.000000
253.000000
252.000000
254.000000
255.000000
255.000000
255.000000
255.000000
255.000000
255.000000
254.000000
255.000000
255.000000
255.000000
255.000000
255.000000
255.000000
255.000000
255.000000
207.000000
71.000000
2.000000
0.000000
2.000000
2.000000
0.000000
33.000000
162.000000
255.000000
250.000000
253.000000
250.000000
253.000000
254.000000
252.000000
248.000000
249.000000
251.000000
252.000000
250.000000
250.000000
253.000000
251.000000
253.000000
251.000000
250.000000
251.000000
250.000000
248.000000
250.000000
255.000000
255.000000
220.000000
63.000000
2.000000
4.000000
2.000000
0.000000
9.000000
127.000000
255.000000
249.000000
252.000000
252.000000
253.000000
252.000000
252.000000
252.000000
253.000000
254.000000
253.000000
254.000000
252.000000
253.000000
254.000000
254.000000
255.000000
254.000000
253.000000
254.000000
254.000000
253.000000
250.000000
253.000000
252.000000
163.000000
26.000000
0.000000
4.000000
0.000000
0.000000
112.000000
255.000000
252.000000
253.000000
254.000000
254.000000
252.000000
253.000000
254.000000
254.000000
254.000000
253.000000
254.000000
254.000000
254.000000
254.000000
254.000000
253.000000
254.000000
254.000000
253.000000
253.000000
255.000000
252.000000
251.000000
255.000000
199.000000
38.000000
0.000000
3.000000
0.000000
0.000000
105.000000
255.000000
253.000000
253.000000
253.000000
253.000000
254.000000
253.000000
253.000000
253.000000
253.000000
254.000000
253.000000
253.000000
253.000000
253.000000
253.000000
253.000000
253.000000
254.000000
254.000000
252.000000
253.000000
254.000000
254.000000
255.000000
220.000000
78.000000
0.000000
1.000000
4.000000
0.000000
73.000000
224.000000
254.000000
251.000000
254.000000
254.000000
254.000000
254.000000
254.000000
254.000000
254.000000
254.000000
254.000000
254.000000
254.000000
254.000000
254.000000
254.000000
254.000000
254.000000
254.000000
253.000000
253.000000
253.000000
253.000000
255.000000
243.000000
114.000000
11.000000
0.000000
4.000000
0.000000
64.000000
211.000000
255.000000
249.000000
254.000000
254.000000
254.000000
254.000000
254.000000
254.000000
254.000000
254.000000
254.000000
254.000000
254.000000
254.000000
254.000000
254.000000
254.000000
254.000000
253.000000
253.000000
254.000000
252.000000
252.000000
255.000000
242.000000
115.000000
12.000000
0.000000
2.000000
0.000000
66.000000
211.000000
255.000000
253.000000
254.000000
254.000000
254.000000
254.000000
254.000000
254.000000
254.000000
254.000000
254.000000
254.000000
254.000000
254.000000
254.000000
254.000000
254.000000
254.000000
253.000000
253.000000
254.000000
252.000000
252.000000
255.000000
239.000000
109.000000
10.000000
0.000000
3.000000
0.000000
64.000000
210.000000
255.000000
252.000000
254.000000
254.000000
254.000000
254.000000
254.000000
254.000000
254.000000
254.000000
254.000000
254.000000
254.000000
254.000000
254.000000
254.000000
254.000000
254.000000
254.000000
254.000000
253.000000
253.000000
252.000000
255.000000
220.000000
74.000000
0.000000
2.000000
3.000000
0.000000
48.000000
187.000000
255.000000
252.000000
254.000000
254.000000
254.000000
254.000000
254.000000
254.000000
254.000000
254.000000
254.000000
254.000000
254.000000
254.000000
254.000000
254.000000
254.000000
254.000000
254.000000
253.000000
252.000000
252.000000
253.000000
254.000000
184.000000
35.000000
0.000000
5.000000
0.000000
0.000000
58.000000
202.000000
254.000000
247.000000
254.000000
254.000000
254.000000
254.000000
254.000000
254.000000
254.000000
254.000000
254.000000
254.000000
254.000000
254.000000
254.000000
254.000000
254.000000
254.000000
254.000000
253.000000
253.000000
252.000000
255.000000
250.000000
141.000000
19.000000
0.000000
5.000000
0.000000
0.000000
92.000000
251.000000
254.000000
249.000000
254.000000
254.000000
254.000000
254.000000
254.000000
254.000000
254.000000
254.000000
254.000000
254.000000
254.000000
254.000000
254.000000
254.000000
254.000000
254.000000
253.000000
253.000000
253.000000
253.000000
255.000000
222.000000
75.000000
2.000000
0.000000
1.000000
0.000000
0.000000
54.000000
195.000000
255.000000
252.000000
254.000000
254.000000
254.000000
254.000000
254.000000
254.000000
254.000000
254.000000
254.000000
254.000000
254.000000
254.000000
254.000000
254.000000
254.000000
254.000000
254.000000
253.000000
252.000000
253.000000
255.000000
198.000000
32.000000
0.000000
0.000000
0.000000
2.000000
0.000000
28.000000
151.000000
255.000000
253.000000
254.000000
254.000000
254.000000
254.000000
254.000000
254.000000
254.000000
254.000000
254.000000
254.000000
254.000000
254.000000
254.000000
254.000000
254.000000
254.000000
253.000000
253.000000
253.000000
253.000000
255.000000
211.000000
52.000000
0.000000
0.000000
2.000000
1.000000
0.000000
63.000000
222.000000
255.000000
253.000000
254.000000
254.000000
254.000000
254.000000
254.000000
254.000000
254.000000
254.000000
254.000000
254.000000
254.000000
254.000000
254.000000
254.000000
254.000000
254.000000
254.000000
253.000000
253.000000
253.000000
255.000000
233.000000
103.000000
9.000000
0.000000
1.000000
0.000000
37.000000
167.000000
255.000000
254.000000
254.000000
254.000000
254.000000
254.000000
254.000000
254.000000
254.000000
254.000000
254.000000
254.000000
254.000000
254.000000
254.000000
254.000000
254.000000
254.000000
254.000000
254.000000
253.000000
253.000000
252.000000
255.000000
249.000000
150.000000
23.000000
0.000000
16.000000
59.000000
169.000000
255.000000
254.000000
252.000000
254.000000
254.000000
254.000000
254.000000
254.000000
254.000000
254.000000
254.000000
254.000000
254.000000
254.000000
254.000000
254.000000
254.000000
254.000000
254.000000
254.000000
254.000000
252.000000
252.000000
252.000000
253.000000
254.000000
195.000000
58.000000
98.000000
210.000000
248.000000
252.000000
254.000000
253.000000
252.000000
253.000000
