252.000000
252.000000
251.000000
250.000000
254.000000
255.000000
255.000000
255.000000
255.000000
255.000000
255.000000
254.000000
251.000000
251.000000
249.000000
249.000000
253.000000
254.000000
253.000000
253.000000
253.000000
253.000000
254.000000
254.000000
253.000000
253.000000
253.000000
253.000000
253.000000
252.000000
251.000000
250.000000
252.000000
252.000000
253.000000
254.000000
255.000000
255.000000
252.000000
252.000000
254.000000
255.000000
255.000000
255.000000
255.000000
255.000000
254.000000
250.000000
251.000000
252.000000
253.000000
253.000000
253.000000
253.000000
253.000000
253.000000
253.000000
253.000000
253.000000
253.000000
253.000000
252.000000
252.000000
251.000000
251.000000
251.000000
254.000000
255.000000
255.000000
220.000000
172.000000
165.000000
194.000000
226.000000
248.000000
255.000000
255.000000
255.000000
255.000000
255.000000
255.000000
255.000000
252.000000
252.000000
254.000000
253.000000
253.000000
253.000000
253.000000
253.000000
253.000000
253.000000
253.000000
252.000000
252.000000
252.000000
250.000000
251.000000
255.000000
255.000000
234.000000
104.000000
5.000000
0.000000
30.000000
78.000000
119.000000
157.000000
197.000000
238.000000
250.000000
255.000000
255.000000
251.000000
249.000000
250.000000
253.000000
254.000000
253.000000
252.000000
252.000000
253.000000
253.000000
253.000000
253.000000
253.000000
252.000000
250.000000
251.000000
255.000000
255.000000
244.000000
138.000000
22.000000
0.000000
0.000000
0.000000
6.000000
21.000000
34.000000
56.000000
99.000000
164.000000
228.000000
245.000000
253.000000
255.000000
255.000000
253.000000
252.000000
252.000000
252.000000
253.000000
253.000000
253.000000
252.000000
253.000000
254.000000
252.000000
250.000000
252.000000
255.000000
250.000000
153.000000
26.000000
0.000000
0.000000
0.000000
0.000000
0.000000
0.000000
0.000000
0.000000
0.000000
8.000000
77.000000
153.000000
224.000000
254.000000
255.000000
255.000000
255.000000
253.000000
251.000000
253.000000
254.000000
253.000000
252.000000
251.000000
252.000000
252.000000
252.000000
252.000000
255.000000
244.000000
63.000000
0.000000
0.000000
1.000000
2.000000
1.000000
0.000000
0.000000
0.000000
0.000000
0.000000
0.000000
0.000000
5.000000
83.000000
203.000000
255.000000
255.000000
255.000000
252.000000
250.000000
252.000000
254.000000
254.000000
252.000000
249.000000
247.000000
250.000000
254.000000
252.000000
255.000000
246.000000
85.000000
0.000000
0.000000
0.000000
1.000000
1.000000
0.000000
0.000000
0.000000
0.000000
0.000000
0.000000
0.000000
0.000000
0.000000
43.000000
149.000000
241.000000
255.000000
255.000000
255.000000
254.000000
252.000000
253.000000
253.000000
250.000000
246.000000
250.000000
254.000000
251.000000
255.000000
254.000000
183.000000
60.000000
0.000000
0.000000
0.000000
0.000000
0.000000
1.000000
0.000000
1.000000
2.000000
3.000000
0.000000
0.000000
0.000000
0.000000
11.000000
89.000000
212.000000
255.000000
255.000000
255.000000
253.000000
251.000000
251.000000
250.000000
248.000000
250.000000
254.000000
252.000000
255.000000
255.000000
255.000000
129.000000
12.000000
0.000000
0.000000
0.000000
0.000000
0.000000
1.000000
2.000000
3.000000
2.000000
3.000000
0.000000
0.000000
0.000000
0.000000
10.000000
54.000000
182.000000
255.000000
255.000000
253.000000
251.000000
249.000000
251.000000
250.000000
252.000000
254.000000
253.000000
252.000000
255.000000
255.000000
244.000000
113.000000
7.000000
0.000000
0.000000
0.000000
0.000000
0.000000
0.000000
1.000000
2.000000
1.000000
0.000000
0.000000
0.000000
4.000000
1.000000
2.000000
52.000000
183.000000
255.000000
255.000000
254.000000
252.000000
251.000000
253.000000
253.000000
253.000000
253.000000
252.000000
254.000000
255.000000
255.000000
244.000000
166.000000
70.000000
18.000000
2.000000
0.000000
0.000000
0.000000
0.000000
0.000000
0.000000
0.000000
0.000000
0.000000
6.000000
3.000000
0.000000
4.000000
63.000000
191.000000
255.000000
255.000000
254.000000
253.000000
252.000000
253.000000
253.000000
252.000000
251.000000
251.000000
251.000000
254.000000
255.000000
255.000000
240.000000
203.000000
147.000000
75.000000
16.000000
0.000000
0.000000
0.000000
1.000000
1.000000
0.000000
4.000000
7.000000
4.000000
0.000000
0.000000
13.000000
86.000000
201.000000
255.000000
254.000000
252.000000
252.000000
251.000000
254.000000
252.000000
252.000000
251.000000
251.000000
254.000000
255.000000
255.000000
255.000000
255.000000
249.000000
215.000000
152.000000
71.000000
14.000000
0.000000
0.000000
0.000000
0.000000
0.000000
0.000000
2.000000
1.000000
0.000000
0.000000
15.000000
126.000000
243.000000
255.000000
255.000000
253.000000
251.000000
253.000000
253.000000
253.000000
253.000000
253.000000
252.000000
250.000000
251.000000
253.000000
255.000000
255.000000
255.000000
255.000000
236.000000
142.000000
57.000000
9.000000
0.000000
0.000000
0.000000
3.000000
2.000000
1.000000
0.000000
0.000000
0.000000
82.000000
236.000000
255.000000
255.000000
253.000000
251.000000
252.000000
254.000000
253.000000
252.000000
253.000000
253.000000
252.000000
251.000000
251.000000
253.000000
255.000000
255.000000
255.000000
253.000000
241.000000
217.000000
142.000000
23.000000
0.000000
0.000000
0.000000
0.000000
3.000000
5.000000
1.000000
0.000000
98.000000
250.000000
255.000000
255.000000
252.000000
250.000000
251.000000
254.000000
253.000000
252.000000
253.000000
253.000000
254.000000
255.000000
254.000000
252.000000
249.000000
249.000000
252.000000
255.000000
255.000000
255.000000
220.000000
92.000000
14.000000
0.000000
0.000000
0.000000
0.000000
2.000000
1.000000
0.000000
75.000000
218.000000
255.000000
255.000000
254.000000
252.000000
252.000000
253.000000
252.000000
252.000000
253.000000
253.000000
254.000000
253.000000
253.000000
253.000000
252.000000
252.000000
253.000000
250.000000
251.000000
255.000000
247.000000
134.000000
33.000000
0.000000
0.000000
0.000000
0.000000
0.000000
0.000000
0.000000
23.000000
127.000000
228.000000
255.000000
255.000000
254.000000
253.000000
252.000000
252.000000
252.000000
253.000000
254.000000
254.000000
253.000000
252.000000
252.000000
253.000000
255.000000
254.000000
251.000000
250.000000
255.000000
242.000000
123.000000
28.000000
0.000000
0.000000
0.000000
0.000000
1.000000
1.000000
0.000000
0.000000
56.000000
190.000000
255.000000
255.000000
255.000000
253.000000
252.000000
252.000000
252.000000
253.000000
253.000000
253.000000
253.000000
252.000000
252.000000
252.000000
253.000000
254.000000
253.000000
253.000000
255.000000
238.000000
102.000000
13.000000
0.000000
0.000000
0.000000
0.000000
1.000000
1.000000
0.000000
0.000000
56.000000
190.000000
255.000000
255.000000
255.000000
253.000000
252.000000
253.000000
253.000000
253.000000
253.000000
253.000000
253.000000
252.000000
252.000000
252.000000
254.000000
253.000000
252.000000
253.000000
255.000000
231.000000
72.000000
0.000000
0.000000
0.000000
0.000000
0.000000
1.000000
1.000000
0.000000
19.000000
111.000000
214.000000
255.000000
255.000000
255.000000
253.000000
253.000000
253.000000
253.000000
253.000000
253.000000
253.000000
253.000000
252.000000
252.000000
252.000000
253.000000
254.000000
253.000000
253.000000
255.000000
236.000000
57.000000
0.000000
0.000000
0.000000
0.000000
0.000000
3.000000
2.000000
0.000000
47.000000
174.000000
243.000000
255.000000
255.000000
254.000000
253.000000
253.000000
253.000000
253.000000
253.000000
253.000000
253.000000
253.000000
252.000000
252.000000
252.000000
253.000000
254.000000
253.000000
254.000000
255.000000
232.000000
50.000000
0.000000
0.000000
1.000000
0.000000
0.000000
0.000000
0.000000
20.000000
123.000000
228.000000
255.000000
255.000000
255.000000
253.000000
253.000000
253.000000
253.000000
253.000000
253.000000
253.000000
253.000000
253.000000
253.000000
253.000000
253.000000
253.000000
253.000000
252.000000
253.000000
255.000000
237.000000
102.000000
17.000000
0.000000
0.000000
0.000000
0.000000
0.000000
14.000000
113.000000
227.000000
255.000000
255.000000
253.000000
252.000000
252.000000
254.000000
253.000000
253.000000
253.000000
253.000000
253.000000
253.000000
253.000000
253.000000
253.000000
253.000000
254.000000
253.000000
252.000000
253.000000
255.000000
255.000000
198.000000
67.000000
1.000000
0.000000
0.000000
0.000000
0.000000
72.000000
207.000000
255.000000
255.000000
254.000000
251.000000
251.000000
252.000000
254.000000
253.000000
253.000000
253.000000
253.000000
253.000000
253.000000
253.000000
253.000000
253.000000
253.000000
254.000000
254.000000
253.000000
253.000000
255.000000
255.000000
244.000000
118.000000
10.000000
0.000000
0.000000
0.000000
49.000000
173.000000
254.000000
255.000000
254.000000
252.000000
253.000000
251.000000
252.000000
253.000000
253.000000
253.000000
253.000000
253.000000
253.000000
253.000000
253.000000
253.000000
253.000000
253.000000
254.000000
254.000000
253.000000
252.000000
254.000000
255.000000
254.000000
176.000000
58.000000
1.000000
0.000000
26.000000
141.000000
241.000000
255.000000
254.000000
253.000000
252.000000
254.000000
254.000000
253.000000
252.000000
253.000000
253.000000
253.000000
253.000000
253.000000
253.000000
253.000000
253.000000
253.000000
254.000000
254.000000
254.000000
254.000000
253.000000
253.000000
255.000000
255.000000
242.000000
185.000000
118.000000
100.000000
145.000000
219.000000
255.000000
255.000000
251.000000
252.000000
253.000000
254.000000
254.000000
253.000000
252.000000
253.000000
253.000000
253.000000
253.000000
253.000000
253.000000
253.000000
253.000000
253.000000
254.000000
254.000000
254.000000
254.000000
253.000000
253.000000
255.000000
254.000000
255.000000
255.000000
227.000000
217.000000
235.000000
250.000000
255.000000
253.000000
251.000000
253.000000
254.000000
254.000000
253.000000
253.000000
252.000000
253.000000
253.000000
253.000000
253.000000
253.000000
253.000000
254.000000
253.000000
253.000000
254.000000
254.000000
254.000000
254.000000
253.000000
253.000000
252.000000
253.000000
255.000000
255.000000
255.000000
255.000000
255.000000
255.000000
255.000000
253.000000
253.000000
254.000000
254.000000
253.000000
253.000000
253.000000
253.000000
253.000000
253.000000
253.000000
253.000000
253.000000
253.000000
253.000000
254.000000
254.000000
254.000000
254.000000
254.000000
254.000000
253.000000
253.000000
253.000000
252.000000
252.000000
253.000000
255.000000
255.000000
255.000000
253.000000
252.000000
253.000000
252.000000
252.000000
252.000000
252.000000
253.000000
253.000000
253.000000
254.000000
253.000000
253.000000
253.000000
253.000000
253.000000
253.000000
254.000000
254.000000
254.000000
254.000000
254.000000
254.000000
253.000000
253.000000
253.000000
253.000000
253.000000
251.000000
249.000000
249.000000
250.000000
252.000000
253.000000
252.000000
251.000000
251.000000
251.000000
252.000000
252.000000
253.000000
253.000000
