255.000000
255.000000
255.000000
255.000000
255.000000
255.000000
255.000000
255.000000
255.000000
255.000000
255.000000
255.000000
255.000000
255.000000
255.000000
255.000000
255.000000
255.000000
255.000000
255.000000
255.000000
255.000000
254.000000
254.000000
255.000000
255.000000
255.000000
254.000000
255.000000
255.000000
255.000000
255.000000
255.000000
255.000000
255.000000
255.000000
255.000000
255.000000
255.000000
255.000000
255.000000
255.000000
255.000000
255.000000
255.000000
255.000000
255.000000
255.000000
255.000000
255.000000
255.000000
250.000000
224.000000
193.000000
176.000000
172.000000
177.000000
206.000000
243.000000
255.000000
255.000000
255.000000
255.000000
255.000000
255.000000
255.000000
255.000000
255.000000
255.000000
255.000000
255.000000
255.000000
255.000000
255.000000
255.000000
255.000000
255.000000
255.000000
255.000000
255.000000
255.000000
253.000000
222.000000
174.000000
106.000000
39.000000
4.000000
0.000000
6.000000
69.000000
158.000000
239.000000
255.000000
254.000000
255.000000
255.000000
255.000000
255.000000
255.000000
255.000000
254.000000
255.000000
254.000000
255.000000
255.000000
255.000000
255.000000
255.000000
254.000000
255.000000
255.000000
255.000000
229.000000
183.000000
99.000000
19.000000
0.000000
0.000000
0.000000
0.000000
0.000000
0.000000
18.000000
148.000000
255.000000
255.000000
255.000000
255.000000
255.000000
255.000000
255.000000
255.000000
255.000000
254.000000
255.000000
254.000000
255.000000
255.000000
255.000000
255.000000
255.000000
255.000000
236.000000
182.000000
100.000000
25.000000
0.000000
0.000000
0.000000
0.000000
0.000000
0.000000
0.000000
1.000000
0.000000
43.000000
215.000000
255.000000
255.000000
255.000000
255.000000
255.000000
254.000000
254.000000
255.000000
255.000000
255.000000
255.000000
255.000000
255.000000
255.000000
255.000000
251.000000
203.000000
108.000000
13.000000
0.000000
0.000000
0.000000
0.000000
0.000000
0.000000
0.000000
0.000000
0.000000
0.000000
0.000000
0.000000
129.000000
255.000000
255.000000
255.000000
255.000000
255.000000
254.000000
255.000000
255.000000
255.000000
255.000000
255.000000
255.000000
255.000000
255.000000
227.000000
155.000000
43.000000
0.000000
0.000000
0.000000
0.000000
0.000000
0.000000
0.000000
1.000000
1.000000
0.000000
0.000000
0.000000
0.000000
0.000000
65.000000
236.000000
255.000000
255.000000
255.000000
255.000000
255.000000
254.000000
255.000000
254.000000
255.000000
255.000000
255.000000
251.000000
185.000000
74.000000
0.000000
0.000000
1.000000
0.000000
1.000000
0.000000
0.000000
0.000000
0.000000
0.000000
1.000000
0.000000
1.000000
0.000000
0.000000
0.000000
20.000000
200.000000
255.000000
255.000000
255.000000
255.000000
254.000000
254.000000
255.000000
255.000000
255.000000
255.000000
219.000000
125.000000
10.000000
0.000000
0.000000
0.000000
0.000000
0.000000
0.000000
0.000000
0.000000
0.000000
14.000000
18.000000
0.000000
1.000000
0.000000
1.000000
0.000000
0.000000
0.000000
176.000000
255.000000
255.000000
255.000000
255.000000
255.000000
255.000000
255.000000
255.000000
253.000000
185.000000
47.000000
0.000000
0.000000
0.000000
0.000000
1.000000
0.000000
1.000000
1.000000
0.000000
0.000000
46.000000
154.000000
87.000000
0.000000
0.000000
1.000000
0.000000
0.000000
0.000000
0.000000
160.000000
255.000000
255.000000
255.000000
255.000000
255.000000
255.000000
255.000000
234.000000
130.000000
10.000000
0.000000
0.000000
0.000000
0.000000
0.000000
0.000000
1.000000
0.000000
0.000000
1.000000
76.000000
200.000000
252.000000
85.000000
0.000000
0.000000
0.000000
0.000000
0.000000
0.000000
0.000000
163.000000
255.000000
255.000000
255.000000
254.000000
255.000000
255.000000
217.000000
90.000000
0.000000
0.000000
0.000000
0.000000
0.000000
0.000000
1.000000
0.000000
0.000000
0.000000
19.000000
114.000000
228.000000
255.000000
217.000000
65.000000
0.000000
0.000000
0.000000
0.000000
0.000000
0.000000
0.000000
163.000000
255.000000
255.000000
254.000000
255.000000
255.000000
197.000000
54.000000
0.000000
0.000000
0.000000
1.000000
1.000000
0.000000
0.000000
0.000000
0.000000
0.000000
36.000000
156.000000
251.000000
255.000000
255.000000
210.000000
60.000000
0.000000
1.000000
1.000000
0.000000
0.000000
0.000000
0.000000
163.000000
255.000000
255.000000
255.000000
255.000000
186.000000
36.000000
0.000000
0.000000
1.000000
0.000000
1.000000
1.000000
1.000000
0.000000
0.000000
0.000000
57.000000
184.000000
255.000000
255.000000
255.000000
255.000000
194.000000
47.000000
0.000000
0.000000
1.000000
0.000000
0.000000
0.000000
0.000000
160.000000
255.000000
255.000000
253.000000
195.000000
36.000000
0.000000
0.000000
0.000000
1.000000
0.000000
0.000000
0.000000
1.000000
0.000000
0.000000
59.000000
204.000000
255.000000
255.000000
255.000000
255.000000
254.000000
179.000000
36.000000
0.000000
0.000000
0.000000
1.000000
0.000000
0.000000
0.000000
167.000000
255.000000
255.000000
221.000000
64.000000
0.000000
0.000000
0.000000
0.000000
0.000000
0.000000
1.000000
0.000000
0.000000
0.000000
43.000000
186.000000
255.000000
255.000000
255.000000
255.000000
255.000000
253.000000
165.000000
24.000000
0.000000
0.000000
0.000000
1.000000
0.000000
0.000000
4.000000
186.000000
255.000000
255.000000
163.000000
0.000000
0.000000
0.000000
0.000000
0.000000
1.000000
0.000000
0.000000
0.000000
0.000000
11.000000
155.000000
250.000000
255.000000
255.000000
255.000000
254.000000
254.000000
252.000000
144.000000
8.000000
0.000000
0.000000
0.000000
1.000000
0.000000
0.000000
31.000000
206.000000
255.000000
255.000000
138.000000
0.000000
0.000000
0.000000
0.000000
0.000000
0.000000
1.000000
0.000000
0.000000
0.000000
95.000000
230.000000
255.000000
255.000000
255.000000
254.000000
254.000000
254.000000
252.000000
140.000000
2.000000
0.000000
0.000000
0.000000
1.000000
0.000000
0.000000
72.000000
243.000000
255.000000
255.000000
186.000000
25.000000
0.000000
0.000000
0.000000
0.000000
1.000000
1.000000
0.000000
0.000000
19.000000
180.000000
255.000000
255.000000
255.000000
255.000000
254.000000
255.000000
255.000000
250.000000
126.000000
0.000000
0.000000
0.000000
0.000000
0.000000
0.000000
0.000000
120.000000
255.000000
255.000000
255.000000
243.000000
132.000000
0.000000
0.000000
0.000000
0.000000
1.000000
0.000000
0.000000
0.000000
72.000000
226.000000
255.000000
255.000000
255.000000
255.000000
255.000000
255.000000
255.000000
250.000000
109.000000
0.000000
0.000000
0.000000
0.000000
0.000000
0.000000
15.000000
176.000000
255.000000
255.000000
255.000000
255.000000
226.000000
76.000000
0.000000
0.000000
0.000000
0.000000
0.000000
0.000000
0.000000
122.000000
252.000000
255.000000
255.000000
255.000000
255.000000
254.000000
254.000000
255.000000
250.000000
107.000000
0.000000
0.000000
0.000000
0.000000
0.000000
0.000000
68.000000
242.000000
255.000000
255.000000
255.000000
255.000000
255.000000
197.000000
45.000000
0.000000
0.000000
0.000000
0.000000
0.000000
16.000000
178.000000
255.000000
255.000000
255.000000
254.000000
255.000000
254.000000
255.000000
255.000000
250.000000
109.000000
0.000000
0.000000
0.000000
0.000000
0.000000
11.000000
147.000000
255.000000
255.000000
255.000000
255.000000
255.000000
255.000000
255.000000
181.000000
42.000000
0.000000
0.000000
0.000000
0.000000
80.000000
234.000000
255.000000
255.000000
255.000000
255.000000
255.000000
255.000000
255.000000
255.000000
251.000000
119.000000
0.000000
0.000000
0.000000
0.000000
1.000000
61.000000
235.000000
255.000000
255.000000
255.000000
255.000000
255.000000
255.000000
255.000000
255.000000
172.000000
59.000000
26.000000
23.000000
49.000000
180.000000
255.000000
255.000000
255.000000
255.000000
255.000000
255.000000
255.000000
255.000000
255.000000
251.000000
143.000000
7.000000
0.000000
0.000000
0.000000
18.000000
149.000000
255.000000
254.000000
254.000000
255.000000
255.000000
255.000000
255.000000
254.000000
255.000000
252.000000
206.000000
146.000000
143.000000
186.000000
251.000000
255.000000
255.000000
255.000000
255.000000
255.000000
254.000000
255.000000
255.000000
254.000000
254.000000
180.000000
32.000000
0.000000
0.000000
0.000000
87.000000
236.000000
255.000000
255.000000
255.000000
255.000000
255.000000
254.000000
255.000000
255.000000
255.000000
255.000000
255.000000
247.000000
247.000000
255.000000
255.000000
255.000000
255.000000
255.000000
255.000000
255.000000
255.000000
255.000000
255.000000
255.000000
255.000000
229.000000
92.000000
0.000000
0.000000
57.000000
197.000000
255.000000
255.000000
254.000000
254.000000
255.000000
255.000000
255.000000
255.000000
255.000000
254.000000
255.000000
255.000000
255.000000
255.000000
255.000000
255.000000
255.000000
255.000000
255.000000
255.000000
255.000000
255.000000
255.000000
255.000000
255.000000
255.000000
255.000000
190.000000
73.000000
72.000000
183.000000
254.000000
255.000000
255.000000
255.000000
255.000000
255.000000
255.000000
255.000000
255.000000
255.000000
255.000000
255.000000
255.000000
255.000000
255.000000
255.000000
255.000000
255.000000
255.000000
255.000000
255.000000
255.000000
255.000000
255.000000
255.000000
255.000000
255.000000
255.000000
252.000000
235.000000
234.000000
253.000000
255.000000
255.000000
255.000000
255.000000
255.000000
255.000000
255.000000
255.000000
255.000000
255.000000
255.000000
255.000000
255.000000
255.000000
255.000000
255.000000
255.000000
255.000000
255.000000
255.000000
255.000000
255.000000
255.000000
255.000000
255.000000
255.000000
255.000000
255.000000
255.000000
255.000000
255.000000
255.000000
255.000000
255.000000
255.000000
255.000000
255.000000
255.000000
255.000000
255.000000
255.000000
255.000000
255.000000
255.000000
255.000000
255.000000
255.000000
255.000000
255.000000
255.000000
255.000000
255.000000
255.000000
255.000000
255.000000
255.000000
255.000000
255.000000
255.000000
255.000000
255.000000
255.000000
255.000000
255.000000
255.000000
255.000000
255.000000
255.000000
255.000000
255.000000
255.000000
255.000000
255.000000
255.000000
255.000000
255.000000
255.000000
255.000000
255.000000
255.000000
255.000000
255.000000
255.000000
255.000000
255.000000
255.000000
255.000000
255.000000
255.000000
255.000000
255.000000
255.000000
255.000000
255.000000
255.000000
255.000000
255.000000
255.000000
255.000000
255.000000
255.000000
255.000000
255.000000
255.000000
255.000000
255.000000
255.000000
255.000000
255.000000
255.000000
255.000000
255.000000
255.000000
255.000000
255.000000
255.000000
255.000000
255.000000
255.000000
255.000000
255.000000
255.000000
255.000000
255.000000
255.000000
255.000000
255.000000
255.000000
255.000000
255.000000
255.000000
255.000000
255.000000
255.000000
255.000000
