255.000000
255.000000
255.000000
255.000000
160.000000
115.000000
232.000000
255.000000
255.000000
255.000000
255.000000
115.000000
0.000000
0.000000
59.000000
255.000000
255.000000
255.000000
118.000000
0.000000
97.000000
4.000000
0.000000
250.000000
255.000000
89.000000
0.000000
64.000000
255.000000
1.000000
20.000000
254.000000
255.000000
114.000000
76.000000
246.000000
249.000000
0.000000
59.000000
255.000000
255.000000
255.000000
255.000000
255.000000
240.000000
0.000000
74.000000
255.000000
255.000000
255.000000
255.000000
255.000000
255.000000
20.000000
44.000000
255.000000
255.000000
255.000000
255.000000
255.000000
255.000000
197.000000
152.000000
255.000000
