216.000000
112.000000
243.000000
255.000000
255.000000
123.000000
70.000000
252.000000
246.000000
78.000000
44.000000
128.000000
77.000000
21.000000
219.000000
255.000000
255.000000
255.000000
187.000000
99.000000
0.000000
216.000000
255.000000
254.000000
254.000000
255.000000
255.000000
92.000000
158.000000
255.000000
252.000000
255.000000
255.000000
255.000000
197.000000
53.000000
255.000000
255.000000
254.000000
254.000000
255.000000
255.000000
133.000000
104.000000
255.000000
255.000000
255.000000
254.000000
255.000000
255.000000
128.000000
119.000000
255.000000
254.000000
255.000000
255.000000
255.000000
255.000000
162.000000
156.000000
255.000000
254.000000
255.000000
255.000000
