255.000000
223.000000
107.000000
42.000000
21.000000
47.000000
227.000000
255.000000
255.000000
200.000000
52.000000
158.000000
247.000000
100.000000
56.000000
255.000000
255.000000
255.000000
255.000000
255.000000
255.000000
134.000000
0.000000
254.000000
255.000000
255.000000
255.000000
255.000000
244.000000
0.000000
62.000000
255.000000
255.000000
255.000000
255.000000
255.000000
61.000000
0.000000
211.000000
255.000000
255.000000
255.000000
255.000000
114.000000
0.000000
142.000000
255.000000
255.000000
255.000000
255.000000
126.000000
0.000000
136.000000
255.000000
255.000000
255.000000
255.000000
208.000000
50.000000
189.000000
255.000000
255.000000
255.000000
255.000000
