255.000000
255.000000
255.000000
201.000000
135.000000
165.000000
255.000000
255.000000
128.000000
77.000000
9.000000
0.000000
17.000000
0.000000
96.000000
255.000000
82.000000
14.000000
109.000000
199.000000
231.000000
0.000000
18.000000
255.000000
255.000000
255.000000
255.000000
255.000000
134.000000
0.000000
116.000000
255.000000
255.000000
255.000000
255.000000
234.000000
4.000000
0.000000
233.000000
255.000000
255.000000
255.000000
255.000000
76.000000
0.000000
122.000000
255.000000
255.000000
255.000000
255.000000
177.000000
0.000000
73.000000
255.000000
255.000000
255.000000
255.000000
255.000000
198.000000
163.000000
255.000000
255.000000
255.000000
255.000000
