255.000000
255.000000
160.000000
60.000000
8.000000
59.000000
228.000000
255.000000
176.000000
23.000000
0.000000
0.000000
65.000000
12.000000
34.000000
247.000000
128.000000
47.000000
163.000000
241.000000
255.000000
242.000000
0.000000
177.000000
255.000000
255.000000
255.000000
255.000000
255.000000
194.000000
0.000000
188.000000
255.000000
255.000000
255.000000
255.000000
255.000000
19.000000
16.000000
253.000000
255.000000
255.000000
255.000000
255.000000
150.000000
0.000000
187.000000
255.000000
255.000000
255.000000
255.000000
250.000000
20.000000
103.000000
255.000000
255.000000
255.000000
255.000000
255.000000
241.000000
174.000000
255.000000
255.000000
255.000000
