251.000000
235.000000
196.000000
117.000000
42.000000
56.000000
203.000000
255.000000
222.000000
0.000000
0.000000
33.000000
130.000000
13.000000
40.000000
255.000000
250.000000
134.000000
152.000000
255.000000
255.000000
27.000000
47.000000
255.000000
255.000000
255.000000
255.000000
255.000000
204.000000
0.000000
125.000000
255.000000
255.000000
255.000000
255.000000
255.000000
110.000000
0.000000
183.000000
255.000000
255.000000
255.000000
255.000000
251.000000
17.000000
0.000000
232.000000
255.000000
255.000000
255.000000
255.000000
250.000000
0.000000
13.000000
255.000000
255.000000
255.000000
255.000000
255.000000
255.000000
192.000000
195.000000
255.000000
255.000000
