255.000000
255.000000
213.000000
172.000000
145.000000
185.000000
255.000000
255.000000
107.000000
24.000000
5.000000
35.000000
73.000000
58.000000
100.000000
249.000000
116.000000
80.000000
200.000000
248.000000
255.000000
152.000000
0.000000
233.000000
255.000000
255.000000
255.000000
255.000000
255.000000
23.000000
45.000000
255.000000
255.000000
255.000000
255.000000
255.000000
136.000000
0.000000
173.000000
255.000000
255.000000
255.000000
255.000000
249.000000
0.000000
23.000000
255.000000
255.000000
255.000000
255.000000
255.000000
163.000000
0.000000
209.000000
255.000000
255.000000
255.000000
255.000000
255.000000
180.000000
169.000000
255.000000
255.000000
255.000000
