229.000000
200.000000
206.000000
206.000000
206.000000
206.000000
202.000000
238.000000
105.000000
0.000000
0.000000
0.000000
0.000000
0.000000
0.000000
183.000000
144.000000
30.000000
41.000000
41.000000
42.000000
42.000000
0.000000
176.000000
255.000000
255.000000
255.000000
255.000000
255.000000
255.000000
49.000000
155.000000
255.000000
255.000000
255.000000
255.000000
255.000000
255.000000
48.000000
156.000000
255.000000
255.000000
255.000000
255.000000
255.000000
255.000000
46.000000
157.000000
255.000000
255.000000
255.000000
255.000000
255.000000
255.000000
46.000000
157.000000
255.000000
255.000000
255.000000
255.000000
255.000000
255.000000
46.000000
157.000000
