255.000000
255.000000
198.000000
124.000000
95.000000
95.000000
183.000000
255.000000
255.000000
140.000000
97.000000
221.000000
246.000000
110.000000
0.000000
168.000000
255.000000
20.000000
0.000000
255.000000
255.000000
123.000000
0.000000
91.000000
254.000000
183.000000
140.000000
254.000000
246.000000
11.000000
0.000000
152.000000
254.000000
255.000000
255.000000
255.000000
107.000000
0.000000
33.000000
248.000000
255.000000
255.000000
255.000000
157.000000
0.000000
37.000000
227.000000
255.000000
221.000000
164.000000
99.000000
11.000000
114.000000
244.000000
255.000000
254.000000
210.000000
145.000000
158.000000
239.000000
255.000000
255.000000
254.000000
254.000000
