243.000000
191.000000
133.000000
102.000000
127.000000
188.000000
202.000000
249.000000
254.000000
46.000000
0.000000
0.000000
0.000000
0.000000
0.000000
201.000000
250.000000
236.000000
145.000000
134.000000
194.000000
9.000000
0.000000
217.000000
245.000000
253.000000
255.000000
255.000000
81.000000
0.000000
101.000000
255.000000
249.000000
251.000000
255.000000
102.000000
0.000000
5.000000
242.000000
255.000000
247.000000
255.000000
199.000000
0.000000
0.000000
132.000000
255.000000
248.000000
254.000000
252.000000
29.000000
0.000000
29.000000
255.000000
255.000000
248.000000
253.000000
250.000000
167.000000
130.000000
211.000000
255.000000
253.000000
249.000000
