229.000000
204.000000
225.000000
244.000000
218.000000
226.000000
226.000000
225.000000
236.000000
213.000000
78.000000
206.000000
250.000000
216.000000
223.000000
225.000000
221.000000
249.000000
162.000000
26.000000
221.000000
248.000000
216.000000
224.000000
225.000000
218.000000
253.000000
147.000000
29.000000
235.000000
240.000000
221.000000
222.000000
218.000000
248.000000
255.000000
86.000000
47.000000
246.000000
228.000000
228.000000
225.000000
163.000000
102.000000
30.000000
1.000000
175.000000
251.000000
236.000000
235.000000
3.000000
1.000000
53.000000
122.000000
217.000000
231.000000
219.000000
229.000000
190.000000
180.000000
239.000000
251.000000
229.000000
219.000000
