255.000000
255.000000
255.000000
254.000000
252.000000
255.000000
255.000000
255.000000
255.000000
245.000000
128.000000
14.000000
0.000000
74.000000
244.000000
255.000000
233.000000
47.000000
0.000000
10.000000
26.000000
0.000000
120.000000
255.000000
173.000000
0.000000
0.000000
177.000000
255.000000
14.000000
30.000000
255.000000
255.000000
191.000000
160.000000
253.000000
255.000000
50.000000
28.000000
255.000000
255.000000
255.000000
255.000000
255.000000
255.000000
71.000000
71.000000
255.000000
255.000000
255.000000
255.000000
255.000000
255.000000
92.000000
129.000000
255.000000
255.000000
255.000000
255.000000
255.000000
239.000000
144.000000
202.000000
255.000000
