43.000000
41.000000
41.000000
43.000000
47.000000
44.000000
41.000000
166.000000
198.000000
202.000000
200.000000
198.000000
211.000000
90.000000
0.000000
145.000000
255.000000
255.000000
255.000000
255.000000
255.000000
135.000000
0.000000
154.000000
255.000000
255.000000
255.000000
255.000000
255.000000
113.000000
0.000000
157.000000
255.000000
255.000000
255.000000
255.000000
255.000000
109.000000
0.000000
163.000000
255.000000
255.000000
255.000000
255.000000
255.000000
102.000000
0.000000
163.000000
255.000000
255.000000
255.000000
255.000000
255.000000
99.000000
0.000000
161.000000
255.000000
255.000000
255.000000
255.000000
255.000000
99.000000
0.000000
164.000000
