207.000000
215.000000
221.000000
228.000000
230.000000
214.000000
211.000000
211.000000
224.000000
26.000000
11.000000
22.000000
44.000000
50.000000
0.000000
159.000000
199.000000
0.000000
0.000000
25.000000
53.000000
76.000000
0.000000
202.000000
194.000000
166.000000
191.000000
226.000000
254.000000
128.000000
5.000000
225.000000
199.000000
228.000000
223.000000
205.000000
234.000000
17.000000
41.000000
235.000000
203.000000
200.000000
200.000000
221.000000
185.000000
0.000000
101.000000
251.000000
203.000000
204.000000
200.000000
237.000000
139.000000
0.000000
96.000000
254.000000
201.000000
202.000000
202.000000
201.000000
189.000000
181.000000
196.000000
219.000000
