227.000000
244.000000
252.000000
255.000000
255.000000
209.000000
228.000000
233.000000
236.000000
218.000000
186.000000
129.000000
61.000000
0.000000
112.000000
254.000000
215.000000
40.000000
67.000000
87.000000
111.000000
37.000000
65.000000
253.000000
217.000000
207.000000
244.000000
255.000000
255.000000
106.000000
55.000000
254.000000
229.000000
245.000000
236.000000
189.000000
221.000000
71.000000
62.000000
254.000000
225.000000
255.000000
155.000000
22.000000
209.000000
21.000000
105.000000
255.000000
227.000000
234.000000
225.000000
121.000000
64.000000
6.000000
201.000000
252.000000
226.000000
221.000000
235.000000
253.000000
177.000000
192.000000
254.000000
219.000000
