214.000000
227.000000
175.000000
119.000000
155.000000
160.000000
120.000000
200.000000
184.000000
41.000000
0.000000
0.000000
0.000000
0.000000
0.000000
103.000000
127.000000
0.000000
35.000000
140.000000
120.000000
18.000000
0.000000
131.000000
178.000000
108.000000
213.000000
253.000000
253.000000
14.000000
23.000000
238.000000
213.000000
241.000000
200.000000
242.000000
162.000000
0.000000
160.000000
243.000000
200.000000
200.000000
208.000000
227.000000
13.000000
58.000000
248.000000
205.000000
199.000000
195.000000
233.000000
57.000000
3.000000
221.000000
225.000000
201.000000
198.000000
201.000000
199.000000
153.000000
201.000000
225.000000
198.000000
204.000000
