254.000000
255.000000
255.000000
255.000000
255.000000
255.000000
255.000000
255.000000
255.000000
235.000000
231.000000
255.000000
255.000000
255.000000
255.000000
255.000000
251.000000
101.000000
180.000000
255.000000
255.000000
255.000000
255.000000
255.000000
247.000000
131.000000
122.000000
121.000000
69.000000
62.000000
191.000000
255.000000
255.000000
233.000000
97.000000
0.000000
0.000000
0.000000
5.000000
232.000000
254.000000
255.000000
255.000000
235.000000
243.000000
209.000000
0.000000
172.000000
255.000000
253.000000
255.000000
255.000000
255.000000
255.000000
18.000000
149.000000
236.000000
254.000000
254.000000
255.000000
255.000000
247.000000
15.000000
148.000000
