179.000000
193.000000
203.000000
204.000000
198.000000
192.000000
191.000000
180.000000
179.000000
168.000000
140.000000
109.000000
71.000000
35.000000
125.000000
202.000000
160.000000
17.000000
1.000000
15.000000
43.000000
18.000000
68.000000
198.000000
169.000000
106.000000
124.000000
158.000000
211.000000
107.000000
30.000000
181.000000
184.000000
203.000000
201.000000
194.000000
213.000000
130.000000
18.000000
167.000000
177.000000
175.000000
175.000000
180.000000
200.000000
149.000000
0.000000
137.000000
174.000000
178.000000
176.000000
176.000000
189.000000
177.000000
65.000000
154.000000
179.000000
180.000000
181.000000
181.000000
180.000000
193.000000
191.000000
168.000000
