231.000000
208.000000
242.000000
245.000000
222.000000
226.000000
226.000000
226.000000
248.000000
161.000000
54.000000
204.000000
253.000000
234.000000
224.000000
227.000000
225.000000
242.000000
150.000000
37.000000
109.000000
248.000000
238.000000
224.000000
224.000000
222.000000
253.000000
222.000000
94.000000
96.000000
238.000000
231.000000
224.000000
225.000000
244.000000
255.000000
245.000000
3.000000
162.000000
251.000000
240.000000
204.000000
137.000000
131.000000
11.000000
14.000000
196.000000
243.000000
237.000000
230.000000
55.000000
11.000000
75.000000
213.000000
247.000000
223.000000
224.000000
235.000000
241.000000
222.000000
252.000000
246.000000
224.000000
227.000000
