236.000000
255.000000
233.000000
170.000000
141.000000
155.000000
124.000000
204.000000
214.000000
78.000000
8.000000
0.000000
0.000000
0.000000
0.000000
158.000000
195.000000
0.000000
0.000000
19.000000
93.000000
63.000000
0.000000
178.000000
233.000000
139.000000
178.000000
246.000000
255.000000
74.000000
0.000000
211.000000
231.000000
255.000000
255.000000
255.000000
232.000000
0.000000
0.000000
218.000000
230.000000
228.000000
226.000000
253.000000
217.000000
0.000000
0.000000
233.000000
230.000000
230.000000
230.000000
242.000000
230.000000
55.000000
76.000000
242.000000
230.000000
230.000000
230.000000
227.000000
235.000000
251.000000
254.000000
231.000000
