212.000000
72.000000
45.000000
46.000000
101.000000
183.000000
255.000000
255.000000
224.000000
105.000000
40.000000
0.000000
0.000000
0.000000
90.000000
237.000000
255.000000
255.000000
255.000000
214.000000
124.000000
2.000000
0.000000
92.000000
248.000000
248.000000
255.000000
255.000000
255.000000
221.000000
40.000000
52.000000
250.000000
251.000000
251.000000
249.000000
248.000000
255.000000
89.000000
56.000000
253.000000
253.000000
254.000000
251.000000
255.000000
206.000000
0.000000
195.000000
253.000000
253.000000
253.000000
255.000000
220.000000
13.000000
146.000000
255.000000
253.000000
252.000000
255.000000
239.000000
86.000000
156.000000
255.000000
253.000000
