244.000000
195.000000
141.000000
149.000000
228.000000
255.000000
255.000000
255.000000
161.000000
0.000000
0.000000
0.000000
0.000000
97.000000
255.000000
255.000000
243.000000
190.000000
154.000000
138.000000
83.000000
1.000000
62.000000
246.000000
255.000000
255.000000
255.000000
255.000000
255.000000
194.000000
0.000000
97.000000
255.000000
255.000000
255.000000
255.000000
197.000000
24.000000
0.000000
133.000000
255.000000
255.000000
255.000000
116.000000
0.000000
2.000000
152.000000
255.000000
250.000000
174.000000
49.000000
7.000000
119.000000
235.000000
255.000000
255.000000
213.000000
88.000000
137.000000
248.000000
255.000000
255.000000
255.000000
255.000000
