255.000000
255.000000
249.000000
140.000000
95.000000
142.000000
249.000000
255.000000
255.000000
229.000000
35.000000
0.000000
0.000000
0.000000
41.000000
248.000000
236.000000
29.000000
0.000000
0.000000
141.000000
47.000000
0.000000
185.000000
103.000000
0.000000
0.000000
63.000000
255.000000
44.000000
0.000000
159.000000
209.000000
109.000000
70.000000
218.000000
255.000000
29.000000
0.000000
194.000000
255.000000
255.000000
255.000000
255.000000
255.000000
6.000000
4.000000
254.000000
255.000000
255.000000
255.000000
255.000000
255.000000
0.000000
96.000000
255.000000
255.000000
255.000000
255.000000
255.000000
255.000000
183.000000
226.000000
255.000000
