255.000000
255.000000
229.000000
142.000000
117.000000
185.000000
255.000000
255.000000
242.000000
119.000000
0.000000
0.000000
0.000000
0.000000
95.000000
255.000000
22.000000
0.000000
0.000000
94.000000
139.000000
33.000000
0.000000
143.000000
155.000000
160.000000
225.000000
255.000000
255.000000
132.000000
0.000000
49.000000
255.000000
255.000000
255.000000
255.000000
255.000000
79.000000
0.000000
152.000000
255.000000
255.000000
255.000000
255.000000
245.000000
0.000000
32.000000
254.000000
255.000000
255.000000
255.000000
239.000000
48.000000
26.000000
228.000000
255.000000
255.000000
255.000000
255.000000
168.000000
102.000000
247.000000
255.000000
255.000000
