146.000000
48.000000
78.000000
82.000000
90.000000
87.000000
83.000000
232.000000
255.000000
177.000000
152.000000
200.000000
117.000000
0.000000
0.000000
139.000000
255.000000
255.000000
255.000000
255.000000
189.000000
1.000000
29.000000
222.000000
255.000000
255.000000
255.000000
255.000000
198.000000
21.000000
165.000000
255.000000
255.000000
255.000000
255.000000
255.000000
184.000000
20.000000
221.000000
255.000000
255.000000
255.000000
255.000000
255.000000
255.000000
57.000000
179.000000
255.000000
255.000000
255.000000
255.000000
255.000000
199.000000
0.000000
43.000000
245.000000
255.000000
255.000000
255.000000
255.000000
187.000000
100.000000
20.000000
175.000000
