255.000000
223.000000
118.000000
100.000000
146.000000
201.000000
255.000000
255.000000
122.000000
15.000000
85.000000
58.000000
25.000000
0.000000
49.000000
231.000000
55.000000
128.000000
255.000000
255.000000
253.000000
91.000000
0.000000
241.000000
255.000000
255.000000
255.000000
255.000000
255.000000
244.000000
73.000000
244.000000
255.000000
255.000000
255.000000
255.000000
208.000000
94.000000
198.000000
253.000000
255.000000
255.000000
255.000000
211.000000
42.000000
175.000000
255.000000
255.000000
255.000000
255.000000
255.000000
89.000000
109.000000
255.000000
255.000000
255.000000
255.000000
255.000000
254.000000
197.000000
236.000000
255.000000
255.000000
255.000000
