255.000000
255.000000
218.000000
167.000000
163.000000
227.000000
255.000000
255.000000
199.000000
67.000000
0.000000
0.000000
0.000000
0.000000
149.000000
255.000000
70.000000
0.000000
0.000000
2.000000
81.000000
120.000000
0.000000
192.000000
226.000000
150.000000
165.000000
232.000000
255.000000
255.000000
56.000000
95.000000
255.000000
255.000000
255.000000
255.000000
255.000000
255.000000
38.000000
110.000000
255.000000
255.000000
255.000000
255.000000
255.000000
177.000000
0.000000
87.000000
255.000000
255.000000
255.000000
255.000000
255.000000
117.000000
0.000000
137.000000
255.000000
255.000000
255.000000
255.000000
255.000000
222.000000
136.000000
251.000000
