146.000000
122.000000
130.000000
137.000000
111.000000
76.000000
208.000000
255.000000
160.000000
132.000000
167.000000
214.000000
89.000000
0.000000
201.000000
255.000000
255.000000
255.000000
255.000000
255.000000
66.000000
37.000000
255.000000
255.000000
253.000000
253.000000
255.000000
203.000000
0.000000
156.000000
255.000000
254.000000
255.000000
255.000000
255.000000
76.000000
13.000000
251.000000
255.000000
248.000000
255.000000
255.000000
255.000000
21.000000
89.000000
255.000000
255.000000
253.000000
255.000000
255.000000
147.000000
0.000000
173.000000
255.000000
255.000000
255.000000
255.000000
255.000000
109.000000
31.000000
234.000000
255.000000
255.000000
255.000000
