209.000000
158.000000
151.000000
156.000000
135.000000
89.000000
100.000000
227.000000
106.000000
118.000000
104.000000
99.000000
104.000000
109.000000
0.000000
183.000000
245.000000
255.000000
255.000000
255.000000
255.000000
255.000000
46.000000
192.000000
245.000000
243.000000
242.000000
244.000000
252.000000
243.000000
82.000000
210.000000
240.000000
242.000000
243.000000
244.000000
247.000000
250.000000
126.000000
219.000000
241.000000
242.000000
240.000000
241.000000
245.000000
255.000000
95.000000
165.000000
241.000000
241.000000
242.000000
244.000000
250.000000
248.000000
18.000000
99.000000
240.000000
240.000000
244.000000
243.000000
253.000000
230.000000
58.000000
159.000000
