255.000000
255.000000
255.000000
226.000000
211.000000
255.000000
255.000000
254.000000
255.000000
189.000000
89.000000
4.000000
0.000000
34.000000
204.000000
255.000000
113.000000
0.000000
0.000000
0.000000
0.000000
0.000000
0.000000
239.000000
0.000000
0.000000
0.000000
72.000000
201.000000
228.000000
14.000000
124.000000
62.000000
0.000000
133.000000
255.000000
255.000000
255.000000
125.000000
89.000000
227.000000
171.000000
255.000000
255.000000
255.000000
255.000000
143.000000
133.000000
255.000000
255.000000
255.000000
255.000000
255.000000
255.000000
149.000000
173.000000
255.000000
255.000000
255.000000
255.000000
255.000000
255.000000
195.000000
220.000000
