255.000000
255.000000
255.000000
255.000000
193.000000
105.000000
187.000000
255.000000
253.000000
255.000000
251.000000
86.000000
0.000000
0.000000
17.000000
207.000000
255.000000
223.000000
32.000000
0.000000
134.000000
255.000000
40.000000
177.000000
225.000000
0.000000
0.000000
198.000000
255.000000
204.000000
34.000000
243.000000
219.000000
58.000000
193.000000
255.000000
255.000000
99.000000
126.000000
255.000000
255.000000
255.000000
255.000000
255.000000
247.000000
87.000000
228.000000
255.000000
255.000000
255.000000
255.000000
255.000000
217.000000
114.000000
255.000000
255.000000
255.000000
255.000000
255.000000
255.000000
204.000000
191.000000
255.000000
255.000000
