255.000000
255.000000
167.000000
77.000000
64.000000
100.000000
245.000000
255.000000
172.000000
16.000000
19.000000
88.000000
115.000000
31.000000
40.000000
232.000000
149.000000
64.000000
239.000000
255.000000
255.000000
255.000000
0.000000
129.000000
255.000000
255.000000
255.000000
255.000000
255.000000
244.000000
0.000000
138.000000
255.000000
255.000000
255.000000
255.000000
255.000000
205.000000
2.000000
207.000000
255.000000
255.000000
255.000000
255.000000
255.000000
128.000000
8.000000
255.000000
255.000000
255.000000
255.000000
255.000000
255.000000
72.000000
2.000000
255.000000
255.000000
255.000000
255.000000
255.000000
255.000000
185.000000
159.000000
255.000000
