233.000000
116.000000
90.000000
98.000000
84.000000
163.000000
251.000000
255.000000
240.000000
174.000000
223.000000
237.000000
0.000000
0.000000
232.000000
255.000000
255.000000
255.000000
255.000000
95.000000
0.000000
99.000000
253.000000
255.000000
255.000000
255.000000
148.000000
0.000000
74.000000
255.000000
255.000000
255.000000
255.000000
216.000000
0.000000
46.000000
255.000000
255.000000
255.000000
255.000000
254.000000
29.000000
0.000000
243.000000
255.000000
255.000000
254.000000
255.000000
183.000000
0.000000
178.000000
255.000000
255.000000
254.000000
254.000000
255.000000
208.000000
158.000000
255.000000
255.000000
255.000000
253.000000
253.000000
255.000000
