255.000000
255.000000
237.000000
106.000000
13.000000
20.000000
155.000000
255.000000
255.000000
223.000000
31.000000
0.000000
0.000000
0.000000
0.000000
196.000000
232.000000
35.000000
0.000000
0.000000
140.000000
84.000000
0.000000
156.000000
137.000000
0.000000
0.000000
155.000000
255.000000
29.000000
0.000000
220.000000
220.000000
117.000000
140.000000
255.000000
187.000000
0.000000
51.000000
255.000000
255.000000
255.000000
255.000000
255.000000
83.000000
0.000000
163.000000
255.000000
255.000000
255.000000
255.000000
255.000000
5.000000
0.000000
252.000000
255.000000
255.000000
255.000000
255.000000
255.000000
149.000000
182.000000
255.000000
255.000000
