255.000000
222.000000
170.000000
128.000000
57.000000
51.000000
129.000000
239.000000
51.000000
0.000000
0.000000
9.000000
74.000000
39.000000
0.000000
161.000000
130.000000
87.000000
205.000000
252.000000
255.000000
113.000000
0.000000
154.000000
255.000000
255.000000
255.000000
255.000000
255.000000
31.000000
0.000000
178.000000
255.000000
255.000000
255.000000
255.000000
194.000000
0.000000
6.000000
226.000000
255.000000
255.000000
255.000000
255.000000
129.000000
0.000000
54.000000
255.000000
255.000000
255.000000
255.000000
255.000000
101.000000
0.000000
92.000000
255.000000
255.000000
255.000000
255.000000
255.000000
197.000000
15.000000
141.000000
255.000000
