255.000000
255.000000
255.000000
255.000000
255.000000
255.000000
255.000000
253.000000
135.000000
41.000000
57.000000
97.000000
133.000000
163.000000
227.000000
254.000000
193.000000
0.000000
0.000000
0.000000
0.000000
0.000000
55.000000
255.000000
255.000000
224.000000
184.000000
191.000000
205.000000
50.000000
45.000000
255.000000
255.000000
255.000000
255.000000
255.000000
255.000000
54.000000
160.000000
255.000000
255.000000
254.000000
253.000000
255.000000
178.000000
31.000000
255.000000
255.000000
255.000000
254.000000
255.000000
219.000000
32.000000
186.000000
255.000000
253.000000
255.000000
254.000000
254.000000
223.000000
169.000000
255.000000
255.000000
254.000000
