255.000000
255.000000
241.000000
255.000000
255.000000
255.000000
255.000000
254.000000
233.000000
60.000000
11.000000
66.000000
130.000000
229.000000
255.000000
253.000000
160.000000
0.000000
0.000000
0.000000
0.000000
4.000000
189.000000
255.000000
234.000000
145.000000
155.000000
166.000000
134.000000
0.000000
10.000000
245.000000
255.000000
255.000000
255.000000
255.000000
255.000000
166.000000
0.000000
193.000000
254.000000
254.000000
254.000000
254.000000
255.000000
218.000000
0.000000
172.000000
254.000000
254.000000
254.000000
255.000000
255.000000
136.000000
0.000000
170.000000
254.000000
254.000000
254.000000
255.000000
255.000000
128.000000
51.000000
225.000000
