255.000000
191.000000
187.000000
255.000000
255.000000
255.000000
253.000000
253.000000
215.000000
0.000000
0.000000
47.000000
169.000000
255.000000
255.000000
250.000000
238.000000
78.000000
0.000000
0.000000
0.000000
108.000000
255.000000
252.000000
255.000000
255.000000
200.000000
85.000000
0.000000
0.000000
171.000000
255.000000
253.000000
255.000000
255.000000
255.000000
40.000000
0.000000
61.000000
255.000000
253.000000
253.000000
255.000000
252.000000
7.000000
0.000000
129.000000
255.000000
253.000000
253.000000
255.000000
254.000000
96.000000
68.000000
255.000000
255.000000
253.000000
253.000000
254.000000
254.000000
255.000000
255.000000
255.000000
253.000000
