230.000000
250.000000
252.000000
129.000000
97.000000
52.000000
21.000000
213.000000
248.000000
216.000000
14.000000
122.000000
255.000000
56.000000
0.000000
217.000000
247.000000
195.000000
145.000000
255.000000
76.000000
0.000000
191.000000
255.000000
226.000000
255.000000
255.000000
44.000000
0.000000
166.000000
255.000000
232.000000
255.000000
233.000000
35.000000
0.000000
101.000000
255.000000
237.000000
234.000000
226.000000
31.000000
0.000000
30.000000
253.000000
249.000000
232.000000
235.000000
52.000000
0.000000
0.000000
177.000000
255.000000
229.000000
236.000000
235.000000
63.000000
36.000000
102.000000
255.000000
239.000000
235.000000
235.000000
235.000000
