251.000000
255.000000
181.000000
119.000000
116.000000
148.000000
163.000000
215.000000
238.000000
52.000000
0.000000
15.000000
0.000000
0.000000
0.000000
147.000000
31.000000
18.000000
151.000000
97.000000
27.000000
0.000000
0.000000
201.000000
0.000000
18.000000
62.000000
105.000000
231.000000
52.000000
0.000000
197.000000
173.000000
88.000000
167.000000
255.000000
255.000000
192.000000
0.000000
67.000000
255.000000
255.000000
255.000000
228.000000
253.000000
232.000000
0.000000
13.000000
235.000000
236.000000
240.000000
227.000000
254.000000
170.000000
18.000000
179.000000
244.000000
244.000000
247.000000
236.000000
241.000000
215.000000
220.000000
255.000000
