227.000000
170.000000
192.000000
233.000000
255.000000
255.000000
229.000000
226.000000
254.000000
84.000000
0.000000
2.000000
88.000000
175.000000
255.000000
237.000000
225.000000
234.000000
142.000000
48.000000
0.000000
0.000000
62.000000
217.000000
209.000000
222.000000
255.000000
255.000000
148.000000
0.000000
9.000000
209.000000
211.000000
212.000000
209.000000
226.000000
244.000000
7.000000
140.000000
253.000000
214.000000
213.000000
209.000000
223.000000
209.000000
2.000000
97.000000
246.000000
216.000000
212.000000
207.000000
244.000000
161.000000
0.000000
61.000000
250.000000
214.000000
208.000000
212.000000
234.000000
169.000000
108.000000
194.000000
214.000000
