210.000000
255.000000
255.000000
255.000000
243.000000
243.000000
252.000000
255.000000
82.000000
43.000000
141.000000
229.000000
255.000000
245.000000
210.000000
237.000000
241.000000
46.000000
0.000000
9.000000
119.000000
234.000000
244.000000
235.000000
245.000000
255.000000
164.000000
12.000000
0.000000
26.000000
196.000000
255.000000
227.000000
243.000000
255.000000
66.000000
0.000000
0.000000
38.000000
255.000000
230.000000
255.000000
203.000000
0.000000
0.000000
6.000000
111.000000
254.000000
232.000000
253.000000
86.000000
66.000000
177.000000
214.000000
235.000000
248.000000
230.000000
218.000000
173.000000
255.000000
255.000000
242.000000
220.000000
247.000000
