255.000000
255.000000
255.000000
218.000000
109.000000
7.000000
30.000000
203.000000
255.000000
175.000000
39.000000
74.000000
131.000000
13.000000
0.000000
40.000000
30.000000
0.000000
50.000000
180.000000
117.000000
0.000000
0.000000
168.000000
99.000000
173.000000
255.000000
199.000000
0.000000
0.000000
111.000000
255.000000
255.000000
255.000000
250.000000
11.000000
0.000000
56.000000
255.000000
255.000000
255.000000
255.000000
82.000000
0.000000
42.000000
239.000000
255.000000
255.000000
255.000000
142.000000
0.000000
4.000000
228.000000
255.000000
255.000000
255.000000
255.000000
143.000000
30.000000
152.000000
255.000000
255.000000
255.000000
255.000000
