255.000000
209.000000
71.000000
49.000000
36.000000
22.000000
58.000000
217.000000
255.000000
230.000000
174.000000
176.000000
173.000000
89.000000
0.000000
46.000000
255.000000
255.000000
255.000000
255.000000
255.000000
102.000000
0.000000
54.000000
255.000000
255.000000
255.000000
255.000000
154.000000
0.000000
0.000000
190.000000
255.000000
255.000000
255.000000
205.000000
0.000000
0.000000
43.000000
255.000000
255.000000
255.000000
229.000000
22.000000
0.000000
0.000000
196.000000
255.000000
199.000000
143.000000
25.000000
0.000000
0.000000
148.000000
255.000000
255.000000
84.000000
0.000000
1.000000
104.000000
205.000000
255.000000
255.000000
255.000000
