255.000000
255.000000
255.000000
255.000000
236.000000
118.000000
144.000000
255.000000
255.000000
255.000000
255.000000
132.000000
0.000000
0.000000
0.000000
190.000000
255.000000
218.000000
55.000000
0.000000
29.000000
75.000000
0.000000
119.000000
180.000000
10.000000
0.000000
57.000000
253.000000
122.000000
0.000000
121.000000
27.000000
0.000000
0.000000
251.000000
255.000000
47.000000
0.000000
167.000000
192.000000
0.000000
58.000000
255.000000
255.000000
0.000000
0.000000
248.000000
255.000000
204.000000
223.000000
255.000000
255.000000
80.000000
131.000000
255.000000
255.000000
255.000000
255.000000
255.000000
255.000000
255.000000
255.000000
255.000000
