255.000000
235.000000
121.000000
102.000000
167.000000
194.000000
255.000000
254.000000
155.000000
19.000000
7.000000
16.000000
0.000000
0.000000
144.000000
255.000000
126.000000
0.000000
0.000000
0.000000
31.000000
6.000000
45.000000
255.000000
237.000000
97.000000
129.000000
172.000000
55.000000
13.000000
6.000000
189.000000
255.000000
255.000000
255.000000
255.000000
98.000000
0.000000
0.000000
122.000000
254.000000
255.000000
255.000000
255.000000
168.000000
0.000000
0.000000
107.000000
255.000000
255.000000
254.000000
255.000000
249.000000
76.000000
0.000000
182.000000
255.000000
255.000000
255.000000
255.000000
255.000000
243.000000
150.000000
255.000000
