224.000000
211.000000
236.000000
244.000000
255.000000
244.000000
191.000000
237.000000
126.000000
0.000000
0.000000
2.000000
11.000000
10.000000
0.000000
143.000000
175.000000
42.000000
89.000000
94.000000
114.000000
92.000000
0.000000
139.000000
255.000000
255.000000
255.000000
255.000000
255.000000
255.000000
0.000000
167.000000
255.000000
255.000000
255.000000
255.000000
255.000000
219.000000
3.000000
192.000000
255.000000
255.000000
255.000000
255.000000
255.000000
198.000000
11.000000
217.000000
255.000000
255.000000
255.000000
255.000000
255.000000
191.000000
0.000000
208.000000
255.000000
255.000000
255.000000
255.000000
255.000000
210.000000
73.000000
222.000000
