255.000000
227.000000
114.000000
29.000000
9.000000
30.000000
124.000000
254.000000
184.000000
10.000000
0.000000
0.000000
34.000000
14.000000
0.000000
104.000000
97.000000
0.000000
107.000000
233.000000
255.000000
255.000000
10.000000
36.000000
179.000000
107.000000
255.000000
255.000000
255.000000
219.000000
0.000000
162.000000
255.000000
255.000000
255.000000
255.000000
255.000000
28.000000
10.000000
255.000000
255.000000
255.000000
254.000000
255.000000
103.000000
0.000000
196.000000
255.000000
255.000000
255.000000
255.000000
94.000000
0.000000
176.000000
255.000000
254.000000
255.000000
255.000000
235.000000
71.000000
183.000000
255.000000
255.000000
255.000000
