255.000000
225.000000
200.000000
185.000000
180.000000
174.000000
177.000000
244.000000
153.000000
0.000000
0.000000
0.000000
0.000000
0.000000
0.000000
147.000000
0.000000
0.000000
68.000000
84.000000
102.000000
130.000000
87.000000
147.000000
88.000000
195.000000
255.000000
255.000000
255.000000
255.000000
210.000000
195.000000
255.000000
255.000000
255.000000
255.000000
255.000000
255.000000
185.000000
226.000000
255.000000
255.000000
254.000000
255.000000
255.000000
251.000000
194.000000
247.000000
255.000000
255.000000
255.000000
255.000000
255.000000
228.000000
184.000000
255.000000
255.000000
255.000000
255.000000
255.000000
255.000000
233.000000
212.000000
255.000000
