255.000000
224.000000
121.000000
237.000000
173.000000
136.000000
198.000000
255.000000
240.000000
55.000000
0.000000
0.000000
1.000000
14.000000
0.000000
140.000000
192.000000
0.000000
18.000000
138.000000
230.000000
255.000000
63.000000
71.000000
247.000000
156.000000
222.000000
255.000000
255.000000
141.000000
51.000000
224.000000
255.000000
255.000000
255.000000
219.000000
64.000000
45.000000
220.000000
255.000000
254.000000
255.000000
185.000000
30.000000
127.000000
255.000000
255.000000
251.000000
255.000000
195.000000
28.000000
191.000000
255.000000
255.000000
253.000000
254.000000
250.000000
112.000000
187.000000
255.000000
255.000000
255.000000
255.000000
255.000000
