255.000000
255.000000
255.000000
255.000000
255.000000
255.000000
255.000000
255.000000
255.000000
243.000000
201.000000
226.000000
255.000000
255.000000
255.000000
255.000000
255.000000
255.000000
255.000000
255.000000
255.000000
255.000000
255.000000
249.000000
130.000000
40.000000
0.000000
25.000000
188.000000
255.000000
255.000000
255.000000
255.000000
255.000000
255.000000
254.000000
255.000000
255.000000
230.000000
55.000000
0.000000
0.000000
0.000000
0.000000
22.000000
244.000000
255.000000
255.000000
255.000000
255.000000
255.000000
254.000000
255.000000
231.000000
35.000000
0.000000
0.000000
0.000000
0.000000
0.000000
0.000000
149.000000
255.000000
255.000000
255.000000
255.000000
255.000000
255.000000
244.000000
37.000000
0.000000
0.000000
17.000000
61.000000
0.000000
0.000000
0.000000
86.000000
255.000000
255.000000
255.000000
255.000000
255.000000
249.000000
58.000000
0.000000
0.000000
0.000000
184.000000
209.000000
0.000000
0.000000
0.000000
85.000000
255.000000
255.000000
255.000000
255.000000
244.000000
63.000000
0.000000
0.000000
0.000000
94.000000
255.000000
193.000000
0.000000
0.000000
0.000000
120.000000
255.000000
255.000000
255.000000
254.000000
67.000000
0.000000
0.000000
0.000000
45.000000
253.000000
255.000000
173.000000
0.000000
0.000000
0.000000
159.000000
255.000000
255.000000
255.000000
253.000000
73.000000
0.000000
0.000000
10.000000
218.000000
255.000000
255.000000
176.000000
0.000000
0.000000
0.000000
185.000000
255.000000
255.000000
255.000000
255.000000
254.000000
190.000000
131.000000
186.000000
255.000000
255.000000
255.000000
172.000000
0.000000
0.000000
0.000000
204.000000
255.000000
255.000000
255.000000
255.000000
255.000000
255.000000
255.000000
255.000000
255.000000
255.000000
255.000000
180.000000
0.000000
0.000000
5.000000
219.000000
255.000000
255.000000
255.000000
255.000000
255.000000
255.000000
255.000000
255.000000
255.000000
255.000000
255.000000
223.000000
9.000000
0.000000
17.000000
229.000000
255.000000
255.000000
255.000000
255.000000
255.000000
255.000000
255.000000
255.000000
255.000000
255.000000
255.000000
255.000000
59.000000
0.000000
33.000000
241.000000
255.000000
255.000000
255.000000
255.000000
255.000000
255.000000
255.000000
255.000000
255.000000
255.000000
255.000000
255.000000
158.000000
0.000000
30.000000
249.000000
255.000000
255.000000
255.000000
255.000000
255.000000
255.000000
255.000000
255.000000
255.000000
255.000000
255.000000
255.000000
250.000000
28.000000
26.000000
255.000000
255.000000
255.000000
255.000000
255.000000
255.000000
255.000000
255.000000
255.000000
255.000000
255.000000
255.000000
255.000000
255.000000
223.000000
187.000000
254.000000
255.000000
255.000000
