255.000000
227.000000
197.000000
255.000000
255.000000
254.000000
255.000000
255.000000
252.000000
254.000000
255.000000
223.000000
4.000000
103.000000
255.000000
254.000000
255.000000
219.000000
0.000000
107.000000
255.000000
255.000000
255.000000
255.000000
255.000000
255.000000
240.000000
37.000000
0.000000
228.000000
255.000000
251.000000
255.000000
255.000000
81.000000
0.000000
38.000000
164.000000
208.000000
213.000000
203.000000
148.000000
28.000000
0.000000
170.000000
255.000000
253.000000
253.000000
253.000000
254.000000
247.000000
103.000000
0.000000
0.000000
0.000000
0.000000
12.000000
0.000000
0.000000
149.000000
255.000000
253.000000
252.000000
254.000000
253.000000
249.000000
255.000000
255.000000
215.000000
143.000000
126.000000
166.000000
32.000000
0.000000
142.000000
255.000000
252.000000
252.000000
253.000000
253.000000
255.000000
254.000000
254.000000
255.000000
255.000000
255.000000
255.000000
182.000000
0.000000
127.000000
255.000000
255.000000
249.000000
253.000000
255.000000
254.000000
254.000000
254.000000
255.000000
254.000000
250.000000
255.000000
235.000000
0.000000
49.000000
255.000000
255.000000
245.000000
250.000000
255.000000
254.000000
254.000000
254.000000
254.000000
254.000000
255.000000
254.000000
255.000000
104.000000
0.000000
213.000000
255.000000
251.000000
250.000000
252.000000
255.000000
254.000000
255.000000
255.000000
255.000000
255.000000
255.000000
255.000000
240.000000
1.000000
54.000000
255.000000
255.000000
251.000000
252.000000
253.000000
255.000000
254.000000
254.000000
255.000000
255.000000
255.000000
254.000000
255.000000
184.000000
0.000000
151.000000
255.000000
255.000000
253.000000
255.000000
255.000000
255.000000
254.000000
254.000000
255.000000
255.000000
255.000000
255.000000
255.000000
146.000000
0.000000
207.000000
255.000000
253.000000
253.000000
254.000000
255.000000
254.000000
254.000000
255.000000
255.000000
255.000000
255.000000
255.000000
255.000000
101.000000
14.000000
247.000000
255.000000
254.000000
255.000000
255.000000
255.000000
254.000000
255.000000
255.000000
255.000000
255.000000
255.000000
255.000000
255.000000
95.000000
28.000000
255.000000
255.000000
254.000000
255.000000
255.000000
255.000000
255.000000
255.000000
255.000000
255.000000
255.000000
255.000000
255.000000
255.000000
109.000000
43.000000
255.000000
255.000000
252.000000
254.000000
255.000000
255.000000
255.000000
255.000000
255.000000
255.000000
255.000000
255.000000
255.000000
255.000000
119.000000
53.000000
255.000000
255.000000
254.000000
254.000000
255.000000
255.000000
255.000000
255.000000
255.000000
255.000000
255.000000
255.000000
255.000000
255.000000
132.000000
137.000000
255.000000
254.000000
255.000000
254.000000
255.000000
255.000000
255.000000
255.000000
255.000000
