255.000000
255.000000
255.000000
255.000000
255.000000
229.000000
160.000000
87.000000
38.000000
25.000000
55.000000
177.000000
255.000000
255.000000
255.000000
255.000000
255.000000
255.000000
255.000000
165.000000
75.000000
17.000000
0.000000
0.000000
20.000000
47.000000
0.000000
0.000000
162.000000
255.000000
255.000000
255.000000
255.000000
255.000000
255.000000
119.000000
0.000000
0.000000
83.000000
166.000000
233.000000
255.000000
195.000000
7.000000
4.000000
220.000000
255.000000
255.000000
255.000000
255.000000
255.000000
242.000000
138.000000
186.000000
255.000000
255.000000
255.000000
255.000000
255.000000
104.000000
0.000000
120.000000
255.000000
255.000000
255.000000
255.000000
255.000000
255.000000
255.000000
255.000000
255.000000
255.000000
255.000000
255.000000
255.000000
96.000000
0.000000
77.000000
255.000000
255.000000
255.000000
255.000000
255.000000
255.000000
255.000000
255.000000
255.000000
254.000000
255.000000
255.000000
213.000000
14.000000
0.000000
94.000000
255.000000
255.000000
255.000000
255.000000
255.000000
255.000000
255.000000
255.000000
255.000000
255.000000
255.000000
255.000000
87.000000
0.000000
0.000000
144.000000
255.000000
255.000000
255.000000
255.000000
255.000000
255.000000
255.000000
255.000000
255.000000
255.000000
255.000000
175.000000
0.000000
0.000000
4.000000
213.000000
255.000000
255.000000
255.000000
255.000000
255.000000
255.000000
255.000000
255.000000
255.000000
255.000000
227.000000
18.000000
0.000000
0.000000
92.000000
255.000000
255.000000
255.000000
255.000000
255.000000
255.000000
255.000000
255.000000
255.000000
255.000000
248.000000
69.000000
0.000000
0.000000
30.000000
232.000000
255.000000
255.000000
255.000000
255.000000
255.000000
255.000000
255.000000
255.000000
255.000000
255.000000
106.000000
0.000000
0.000000
4.000000
193.000000
255.000000
255.000000
255.000000
255.000000
255.000000
255.000000
254.000000
254.000000
255.000000
255.000000
149.000000
0.000000
0.000000
0.000000
145.000000
255.000000
255.000000
255.000000
255.000000
255.000000
255.000000
255.000000
255.000000
255.000000
255.000000
180.000000
0.000000
0.000000
3.000000
142.000000
255.000000
255.000000
255.000000
255.000000
255.000000
255.000000
255.000000
255.000000
255.000000
255.000000
215.000000
2.000000
0.000000
29.000000
174.000000
255.000000
255.000000
255.000000
255.000000
255.000000
255.000000
255.000000
255.000000
255.000000
255.000000
217.000000
25.000000
0.000000
110.000000
223.000000
255.000000
255.000000
255.000000
255.000000
255.000000
255.000000
255.000000
255.000000
255.000000
255.000000
255.000000
179.000000
84.000000
199.000000
255.000000
255.000000
255.000000
255.000000
255.000000
255.000000
255.000000
255.000000
255.000000
255.000000
