255.000000
255.000000
255.000000
255.000000
255.000000
255.000000
255.000000
255.000000
255.000000
254.000000
254.000000
255.000000
255.000000
255.000000
255.000000
255.000000
255.000000
255.000000
255.000000
255.000000
255.000000
249.000000
205.000000
159.000000
113.000000
68.000000
64.000000
124.000000
230.000000
255.000000
255.000000
255.000000
231.000000
238.000000
216.000000
160.000000
110.000000
58.000000
7.000000
0.000000
0.000000
0.000000
0.000000
0.000000
49.000000
224.000000
255.000000
255.000000
76.000000
25.000000
19.000000
0.000000
0.000000
0.000000
0.000000
0.000000
42.000000
67.000000
20.000000
0.000000
0.000000
123.000000
255.000000
255.000000
132.000000
0.000000
0.000000
0.000000
9.000000
61.000000
128.000000
187.000000
249.000000
225.000000
27.000000
0.000000
0.000000
96.000000
254.000000
255.000000
253.000000
110.000000
63.000000
161.000000
214.000000
249.000000
255.000000
255.000000
255.000000
166.000000
0.000000
0.000000
0.000000
126.000000
255.000000
255.000000
255.000000
255.000000
255.000000
255.000000
255.000000
255.000000
255.000000
255.000000
250.000000
69.000000
0.000000
0.000000
1.000000
186.000000
255.000000
255.000000
255.000000
255.000000
255.000000
255.000000
255.000000
254.000000
255.000000
255.000000
185.000000
1.000000
0.000000
0.000000
64.000000
243.000000
255.000000
255.000000
255.000000
255.000000
255.000000
255.000000
255.000000
254.000000
255.000000
249.000000
66.000000
0.000000
0.000000
0.000000
161.000000
255.000000
255.000000
255.000000
255.000000
255.000000
254.000000
255.000000
255.000000
255.000000
255.000000
138.000000
0.000000
0.000000
0.000000
51.000000
237.000000
255.000000
255.000000
255.000000
255.000000
255.000000
255.000000
255.000000
255.000000
255.000000
223.000000
25.000000
0.000000
0.000000
0.000000
164.000000
255.000000
255.000000
255.000000
255.000000
255.000000
255.000000
255.000000
255.000000
255.000000
255.000000
115.000000
0.000000
0.000000
0.000000
76.000000
252.000000
255.000000
255.000000
254.000000
255.000000
255.000000
255.000000
255.000000
255.000000
255.000000
193.000000
18.000000
0.000000
0.000000
29.000000
210.000000
255.000000
255.000000
254.000000
254.000000
255.000000
255.000000
255.000000
255.000000
255.000000
255.000000
90.000000
0.000000
0.000000
66.000000
216.000000
255.000000
255.000000
255.000000
254.000000
255.000000
255.000000
255.000000
255.000000
255.000000
255.000000
255.000000
127.000000
53.000000
150.000000
248.000000
255.000000
255.000000
255.000000
255.000000
255.000000
255.000000
255.000000
255.000000
255.000000
255.000000
255.000000
255.000000
255.000000
255.000000
255.000000
255.000000
255.000000
255.000000
255.000000
255.000000
255.000000
255.000000
255.000000
