255.000000
255.000000
255.000000
255.000000
255.000000
239.000000
184.000000
134.000000
108.000000
105.000000
125.000000
197.000000
255.000000
255.000000
255.000000
255.000000
255.000000
255.000000
255.000000
226.000000
129.000000
41.000000
10.000000
0.000000
0.000000
0.000000
0.000000
13.000000
126.000000
255.000000
255.000000
255.000000
255.000000
255.000000
146.000000
30.000000
0.000000
0.000000
0.000000
0.000000
0.000000
0.000000
0.000000
0.000000
0.000000
142.000000
255.000000
255.000000
220.000000
65.000000
0.000000
0.000000
0.000000
0.000000
11.000000
56.000000
110.000000
138.000000
124.000000
38.000000
0.000000
24.000000
238.000000
255.000000
208.000000
0.000000
0.000000
10.000000
61.000000
133.000000
202.000000
245.000000
255.000000
255.000000
255.000000
204.000000
8.000000
0.000000
178.000000
255.000000
255.000000
165.000000
94.000000
191.000000
255.000000
255.000000
255.000000
255.000000
255.000000
255.000000
255.000000
250.000000
20.000000
0.000000
146.000000
255.000000
255.000000
255.000000
255.000000
255.000000
255.000000
255.000000
255.000000
255.000000
255.000000
255.000000
255.000000
189.000000
1.000000
0.000000
148.000000
255.000000
255.000000
255.000000
255.000000
255.000000
255.000000
255.000000
255.000000
255.000000
255.000000
255.000000
255.000000
55.000000
0.000000
0.000000
182.000000
255.000000
255.000000
255.000000
255.000000
255.000000
255.000000
255.000000
255.000000
255.000000
255.000000
255.000000
155.000000
0.000000
0.000000
34.000000
244.000000
255.000000
255.000000
255.000000
255.000000
255.000000
255.000000
255.000000
255.000000
255.000000
255.000000
236.000000
28.000000
0.000000
0.000000
141.000000
255.000000
255.000000
255.000000
255.000000
255.000000
255.000000
255.000000
255.000000
255.000000
255.000000
255.000000
131.000000
0.000000
0.000000
50.000000
249.000000
255.000000
255.000000
255.000000
255.000000
255.000000
255.000000
255.000000
255.000000
255.000000
255.000000
248.000000
37.000000
0.000000
5.000000
209.000000
255.000000
255.000000
255.000000
255.000000
255.000000
255.000000
255.000000
255.000000
255.000000
255.000000
255.000000
180.000000
0.000000
0.000000
168.000000
255.000000
255.000000
254.000000
255.000000
255.000000
255.000000
255.000000
255.000000
255.000000
255.000000
255.000000
255.000000
87.000000
0.000000
113.000000
255.000000
255.000000
255.000000
255.000000
255.000000
255.000000
255.000000
255.000000
255.000000
255.000000
255.000000
255.000000
250.000000
97.000000
130.000000
255.000000
255.000000
255.000000
255.000000
255.000000
255.000000
255.000000
255.000000
255.000000
255.000000
255.000000
255.000000
255.000000
251.000000
241.000000
255.000000
255.000000
255.000000
255.000000
255.000000
255.000000
255.000000
