255.000000
255.000000
255.000000
255.000000
255.000000
255.000000
255.000000
237.000000
187.000000
137.000000
118.000000
158.000000
239.000000
255.000000
255.000000
255.000000
255.000000
252.000000
238.000000
216.000000
183.000000
137.000000
80.000000
28.000000
0.000000
0.000000
0.000000
0.000000
79.000000
231.000000
255.000000
255.000000
255.000000
187.000000
45.000000
14.000000
0.000000
0.000000
0.000000
0.000000
20.000000
72.000000
54.000000
0.000000
0.000000
171.000000
255.000000
255.000000
255.000000
196.000000
4.000000
0.000000
0.000000
0.000000
78.000000
161.000000
227.000000
255.000000
156.000000
0.000000
0.000000
139.000000
255.000000
255.000000
255.000000
255.000000
150.000000
26.000000
53.000000
176.000000
255.000000
255.000000
255.000000
255.000000
108.000000
0.000000
3.000000
140.000000
255.000000
255.000000
255.000000
255.000000
255.000000
227.000000
246.000000
255.000000
255.000000
255.000000
255.000000
234.000000
44.000000
0.000000
15.000000
176.000000
255.000000
255.000000
255.000000
255.000000
255.000000
255.000000
255.000000
255.000000
255.000000
255.000000
255.000000
187.000000
2.000000
0.000000
31.000000
215.000000
255.000000
255.000000
255.000000
255.000000
255.000000
255.000000
255.000000
255.000000
255.000000
255.000000
254.000000
130.000000
0.000000
0.000000
62.000000
240.000000
255.000000
255.000000
255.000000
255.000000
255.000000
255.000000
255.000000
255.000000
255.000000
255.000000
230.000000
60.000000
0.000000
0.000000
103.000000
252.000000
255.000000
255.000000
255.000000
255.000000
255.000000
255.000000
255.000000
255.000000
255.000000
255.000000
179.000000
0.000000
0.000000
3.000000
147.000000
255.000000
255.000000
255.000000
255.000000
255.000000
255.000000
255.000000
255.000000
255.000000
255.000000
253.000000
118.000000
0.000000
0.000000
15.000000
190.000000
255.000000
255.000000
255.000000
255.000000
255.000000
255.000000
255.000000
255.000000
255.000000
255.000000
235.000000
73.000000
0.000000
0.000000
36.000000
226.000000
255.000000
255.000000
255.000000
255.000000
255.000000
255.000000
255.000000
255.000000
255.000000
255.000000
231.000000
63.000000
0.000000
0.000000
71.000000
247.000000
255.000000
255.000000
255.000000
255.000000
255.000000
255.000000
255.000000
255.000000
255.000000
255.000000
250.000000
108.000000
0.000000
0.000000
123.000000
255.000000
255.000000
255.000000
255.000000
255.000000
255.000000
255.000000
255.000000
255.000000
255.000000
255.000000
255.000000
214.000000
94.000000
100.000000
212.000000
255.000000
255.000000
255.000000
255.000000
255.000000
255.000000
255.000000
255.000000
255.000000
255.000000
255.000000
255.000000
255.000000
255.000000
255.000000
255.000000
255.000000
255.000000
255.000000
255.000000
