255.000000
255.000000
255.000000
255.000000
255.000000
255.000000
255.000000
255.000000
255.000000
255.000000
255.000000
255.000000
255.000000
255.000000
255.000000
255.000000
255.000000
255.000000
255.000000
255.000000
225.000000
196.000000
172.000000
148.000000
133.000000
132.000000
150.000000
198.000000
255.000000
255.000000
255.000000
255.000000
201.000000
184.000000
140.000000
79.000000
32.000000
0.000000
0.000000
0.000000
0.000000
0.000000
0.000000
3.000000
93.000000
232.000000
255.000000
255.000000
113.000000
0.000000
0.000000
0.000000
0.000000
11.000000
55.000000
96.000000
128.000000
159.000000
162.000000
59.000000
0.000000
92.000000
249.000000
255.000000
183.000000
0.000000
3.000000
79.000000
152.000000
213.000000
253.000000
255.000000
255.000000
255.000000
255.000000
140.000000
0.000000
13.000000
223.000000
255.000000
255.000000
193.000000
191.000000
255.000000
255.000000
255.000000
255.000000
255.000000
255.000000
255.000000
238.000000
44.000000
0.000000
45.000000
234.000000
255.000000
255.000000
255.000000
255.000000
255.000000
255.000000
255.000000
255.000000
254.000000
255.000000
255.000000
138.000000
0.000000
0.000000
116.000000
255.000000
255.000000
254.000000
255.000000
255.000000
255.000000
254.000000
255.000000
255.000000
255.000000
255.000000
220.000000
27.000000
0.000000
3.000000
186.000000
255.000000
255.000000
255.000000
255.000000
255.000000
255.000000
254.000000
255.000000
255.000000
255.000000
255.000000
98.000000
0.000000
0.000000
59.000000
242.000000
255.000000
255.000000
255.000000
255.000000
255.000000
255.000000
255.000000
255.000000
255.000000
255.000000
201.000000
5.000000
0.000000
0.000000
138.000000
255.000000
255.000000
255.000000
255.000000
255.000000
255.000000
255.000000
255.000000
255.000000
255.000000
254.000000
104.000000
0.000000
0.000000
36.000000
231.000000
255.000000
255.000000
255.000000
255.000000
255.000000
255.000000
255.000000
255.000000
255.000000
255.000000
219.000000
24.000000
0.000000
0.000000
161.000000
255.000000
255.000000
255.000000
255.000000
255.000000
255.000000
255.000000
255.000000
255.000000
255.000000
255.000000
175.000000
0.000000
0.000000
96.000000
255.000000
255.000000
255.000000
255.000000
255.000000
255.000000
255.000000
255.000000
255.000000
255.000000
255.000000
255.000000
128.000000
0.000000
64.000000
242.000000
255.000000
255.000000
255.000000
255.000000
255.000000
255.000000
255.000000
255.000000
255.000000
255.000000
255.000000
255.000000
111.000000
31.000000
222.000000
255.000000
255.000000
255.000000
255.000000
255.000000
255.000000
255.000000
255.000000
255.000000
255.000000
255.000000
255.000000
255.000000
218.000000
219.000000
255.000000
255.000000
255.000000
255.000000
255.000000
255.000000
255.000000
