254.000000
254.000000
252.000000
252.000000
255.000000
255.000000
216.000000
146.000000
109.000000
123.000000
150.000000
219.000000
255.000000
255.000000
255.000000
253.000000
254.000000
255.000000
251.000000
255.000000
188.000000
84.000000
54.000000
75.000000
93.000000
84.000000
13.000000
0.000000
70.000000
189.000000
255.000000
245.000000
254.000000
254.000000
255.000000
177.000000
86.000000
166.000000
233.000000
255.000000
255.000000
255.000000
240.000000
26.000000
0.000000
0.000000
170.000000
255.000000
255.000000
255.000000
198.000000
35.000000
104.000000
242.000000
255.000000
249.000000
252.000000
255.000000
255.000000
71.000000
0.000000
0.000000
32.000000
251.000000
254.000000
255.000000
124.000000
0.000000
0.000000
33.000000
246.000000
255.000000
255.000000
255.000000
234.000000
10.000000
0.000000
0.000000
0.000000
228.000000
254.000000
255.000000
153.000000
0.000000
0.000000
0.000000
238.000000
255.000000
255.000000
255.000000
161.000000
0.000000
0.000000
0.000000
2.000000
230.000000
255.000000
251.000000
244.000000
69.000000
9.000000
148.000000
255.000000
252.000000
255.000000
255.000000
52.000000
0.000000
0.000000
0.000000
25.000000
248.000000
253.000000
251.000000
255.000000
255.000000
235.000000
255.000000
254.000000
251.000000
255.000000
187.000000
0.000000
0.000000
0.000000
0.000000
111.000000
255.000000
254.000000
254.000000
254.000000
255.000000
255.000000
255.000000
254.000000
255.000000
255.000000
45.000000
0.000000
0.000000
0.000000
0.000000
223.000000
255.000000
254.000000
254.000000
254.000000
254.000000
254.000000
254.000000
252.000000
255.000000
155.000000
0.000000
0.000000
0.000000
0.000000
146.000000
255.000000
255.000000
254.000000
254.000000
254.000000
254.000000
255.000000
250.000000
255.000000
225.000000
11.000000
0.000000
0.000000
0.000000
128.000000
255.000000
246.000000
255.000000
254.000000
254.000000
254.000000
253.000000
255.000000
255.000000
229.000000
35.000000
0.000000
0.000000
0.000000
131.000000
255.000000
255.000000
252.000000
254.000000
252.000000
255.000000
255.000000
255.000000
255.000000
184.000000
12.000000
0.000000
0.000000
60.000000
187.000000
255.000000
249.000000
250.000000
255.000000
254.000000
232.000000
185.000000
181.000000
114.000000
59.000000
0.000000
3.000000
88.000000
174.000000
255.000000
255.000000
255.000000
253.000000
253.000000
254.000000
254.000000
238.000000
110.000000
98.000000
94.000000
135.000000
183.000000
243.000000
255.000000
255.000000
254.000000
252.000000
255.000000
255.000000
254.000000
254.000000
254.000000
255.000000
255.000000
255.000000
255.000000
255.000000
255.000000
255.000000
255.000000
254.000000
253.000000
252.000000
254.000000
254.000000
254.000000
254.000000
254.000000
