231.000000
239.000000
254.000000
255.000000
255.000000
246.000000
206.000000
206.000000
234.000000
255.000000
255.000000
255.000000
255.000000
255.000000
254.000000
248.000000
240.000000
250.000000
231.000000
108.000000
69.000000
33.000000
0.000000
0.000000
15.000000
73.000000
121.000000
165.000000
137.000000
166.000000
247.000000
251.000000
254.000000
250.000000
26.000000
0.000000
0.000000
0.000000
0.000000
0.000000
0.000000
0.000000
0.000000
0.000000
0.000000
0.000000
185.000000
255.000000
247.000000
251.000000
114.000000
0.000000
0.000000
0.000000
0.000000
0.000000
0.000000
0.000000
0.000000
0.000000
0.000000
0.000000
166.000000
255.000000
243.000000
246.000000
255.000000
205.000000
124.000000
33.000000
0.000000
44.000000
118.000000
180.000000
60.000000
0.000000
0.000000
0.000000
167.000000
255.000000
247.000000
244.000000
249.000000
255.000000
255.000000
241.000000
201.000000
250.000000
255.000000
213.000000
26.000000
1.000000
0.000000
8.000000
238.000000
254.000000
246.000000
246.000000
245.000000
246.000000
247.000000
255.000000
255.000000
255.000000
186.000000
0.000000
0.000000
2.000000
0.000000
138.000000
255.000000
251.000000
248.000000
247.000000
245.000000
247.000000
248.000000
248.000000
255.000000
213.000000
9.000000
0.000000
0.000000
0.000000
41.000000
255.000000
254.000000
247.000000
249.000000
249.000000
250.000000
250.000000
248.000000
255.000000
251.000000
28.000000
0.000000
2.000000
0.000000
0.000000
166.000000
255.000000
248.000000
250.000000
249.000000
250.000000
251.000000
249.000000
251.000000
255.000000
122.000000
0.000000
1.000000
0.000000
0.000000
52.000000
255.000000
254.000000
249.000000
250.000000
247.000000
249.000000
249.000000
246.000000
255.000000
229.000000
1.000000
0.000000
1.000000
0.000000
0.000000
180.000000
255.000000
251.000000
250.000000
247.000000
248.000000
246.000000
245.000000
253.000000
255.000000
81.000000
0.000000
0.000000
0.000000
0.000000
76.000000
255.000000
253.000000
248.000000
247.000000
245.000000
249.000000
248.000000
249.000000
255.000000
168.000000
0.000000
0.000000
2.000000
0.000000
12.000000
234.000000
255.000000
250.000000
247.000000
247.000000
249.000000
252.000000
250.000000
255.000000
255.000000
28.000000
0.000000
0.000000
0.000000
0.000000
127.000000
255.000000
251.000000
252.000000
251.000000
250.000000
251.000000
252.000000
251.000000
253.000000
255.000000
135.000000
80.000000
78.000000
28.000000
84.000000
252.000000
254.000000
250.000000
252.000000
252.000000
250.000000
248.000000
252.000000
250.000000
247.000000
249.000000
255.000000
255.000000
255.000000
246.000000
255.000000
255.000000
253.000000
252.000000
253.000000
253.000000
248.000000
247.000000
