224.000000
219.000000
218.000000
233.000000
234.000000
222.000000
226.000000
226.000000
226.000000
225.000000
225.000000
225.000000
225.000000
225.000000
225.000000
225.000000
226.000000
226.000000
232.000000
186.000000
208.000000
247.000000
220.000000
221.000000
223.000000
226.000000
226.000000
226.000000
225.000000
225.000000
225.000000
225.000000
226.000000
224.000000
241.000000
195.000000
48.000000
169.000000
252.000000
222.000000
219.000000
219.000000
221.000000
225.000000
226.000000
226.000000
225.000000
225.000000
225.000000
224.000000
222.000000
253.000000
117.000000
0.000000
173.000000
253.000000
230.000000
222.000000
220.000000
218.000000
220.000000
223.000000
224.000000
225.000000
225.000000
225.000000
219.000000
231.000000
251.000000
71.000000
0.000000
175.000000
252.000000
228.000000
223.000000
222.000000
222.000000
222.000000
221.000000
222.000000
225.000000
225.000000
223.000000
220.000000
244.000000
242.000000
40.000000
0.000000
174.000000
253.000000
225.000000
222.000000
224.000000
225.000000
224.000000
223.000000
224.000000
224.000000
223.000000
223.000000
220.000000
246.000000
237.000000
36.000000
1.000000
172.000000
252.000000
221.000000
219.000000
224.000000
224.000000
225.000000
225.000000
224.000000
222.000000
220.000000
221.000000
217.000000
252.000000
222.000000
12.000000
3.000000
187.000000
251.000000
220.000000
223.000000
224.000000
224.000000
225.000000
225.000000
222.000000
219.000000
222.000000
222.000000
220.000000
251.000000
180.000000
11.000000
21.000000
219.000000
246.000000
220.000000
225.000000
224.000000
224.000000
223.000000
222.000000
219.000000
222.000000
229.000000
238.000000
252.000000
254.000000
79.000000
1.000000
69.000000
242.000000
233.000000
224.000000
224.000000
224.000000
222.000000
218.000000
219.000000
246.000000
242.000000
219.000000
171.000000
75.000000
23.000000
35.000000
14.000000
155.000000
246.000000
223.000000
224.000000
225.000000
224.000000
226.000000
233.000000
149.000000
61.000000
34.000000
11.000000
15.000000
43.000000
46.000000
5.000000
104.000000
243.000000
225.000000
225.000000
226.000000
224.000000
245.000000
209.000000
3.000000
5.000000
34.000000
25.000000
26.000000
24.000000
21.000000
74.000000
197.000000
233.000000
225.000000
225.000000
222.000000
220.000000
234.000000
242.000000
68.000000
2.000000
14.000000
60.000000
86.000000
98.000000
147.000000
223.000000
236.000000
216.000000
222.000000
224.000000
218.000000
216.000000
216.000000
234.000000
216.000000
132.000000
98.000000
188.000000
232.000000
236.000000
238.000000
235.000000
222.000000
216.000000
221.000000
225.000000
223.000000
224.000000
220.000000
210.000000
228.000000
250.000000
241.000000
228.000000
230.000000
229.000000
228.000000
224.000000
225.000000
223.000000
223.000000
225.000000
