255.000000
255.000000
255.000000
255.000000
255.000000
255.000000
255.000000
255.000000
255.000000
255.000000
255.000000
255.000000
255.000000
255.000000
255.000000
255.000000
255.000000
255.000000
254.000000
255.000000
255.000000
255.000000
255.000000
255.000000
234.000000
241.000000
255.000000
255.000000
255.000000
255.000000
255.000000
255.000000
255.000000
255.000000
255.000000
255.000000
239.000000
159.000000
88.000000
56.000000
33.000000
40.000000
72.000000
169.000000
255.000000
255.000000
255.000000
255.000000
255.000000
255.000000
255.000000
168.000000
35.000000
0.000000
0.000000
0.000000
0.000000
0.000000
0.000000
0.000000
182.000000
255.000000
255.000000
255.000000
255.000000
255.000000
149.000000
0.000000
0.000000
0.000000
0.000000
0.000000
0.000000
0.000000
0.000000
0.000000
34.000000
246.000000
255.000000
255.000000
255.000000
174.000000
0.000000
0.000000
0.000000
0.000000
0.000000
53.000000
180.000000
170.000000
10.000000
0.000000
0.000000
168.000000
255.000000
255.000000
255.000000
42.000000
0.000000
0.000000
0.000000
0.000000
58.000000
250.000000
255.000000
255.000000
70.000000
0.000000
0.000000
118.000000
255.000000
255.000000
255.000000
187.000000
42.000000
0.000000
0.000000
0.000000
164.000000
255.000000
255.000000
255.000000
119.000000
0.000000
0.000000
118.000000
255.000000
255.000000
255.000000
255.000000
247.000000
175.000000
136.000000
147.000000
237.000000
255.000000
255.000000
255.000000
157.000000
0.000000
0.000000
117.000000
255.000000
255.000000
255.000000
255.000000
255.000000
255.000000
255.000000
255.000000
255.000000
255.000000
255.000000
255.000000
184.000000
0.000000
0.000000
148.000000
255.000000
255.000000
255.000000
254.000000
254.000000
255.000000
255.000000
255.000000
255.000000
255.000000
255.000000
255.000000
200.000000
0.000000
0.000000
201.000000
255.000000
255.000000
255.000000
255.000000
255.000000
255.000000
255.000000
255.000000
255.000000
255.000000
255.000000
255.000000
198.000000
0.000000
15.000000
240.000000
255.000000
255.000000
255.000000
255.000000
255.000000
255.000000
255.000000
255.000000
255.000000
255.000000
255.000000
255.000000
199.000000
0.000000
82.000000
255.000000
255.000000
255.000000
255.000000
255.000000
255.000000
255.000000
255.000000
255.000000
255.000000
255.000000
255.000000
255.000000
180.000000
0.000000
163.000000
255.000000
255.000000
255.000000
255.000000
255.000000
255.000000
255.000000
255.000000
255.000000
255.000000
255.000000
255.000000
255.000000
137.000000
27.000000
247.000000
255.000000
255.000000
255.000000
255.000000
255.000000
255.000000
255.000000
255.000000
255.000000
255.000000
255.000000
255.000000
255.000000
135.000000
147.000000
255.000000
255.000000
255.000000
255.000000
