91.000000
88.000000
84.000000
84.000000
85.000000
86.000000
88.000000
90.000000
88.000000
84.000000
90.000000
100.000000
99.000000
94.000000
135.000000
252.000000
0.000000
0.000000
0.000000
0.000000
0.000000
0.000000
0.000000
0.000000
0.000000
0.000000
0.000000
0.000000
0.000000
0.000000
36.000000
250.000000
185.000000
194.000000
196.000000
195.000000
194.000000
193.000000
190.000000
190.000000
189.000000
200.000000
164.000000
16.000000
0.000000
0.000000
67.000000
252.000000
255.000000
255.000000
255.000000
255.000000
255.000000
255.000000
255.000000
255.000000
255.000000
255.000000
249.000000
30.000000
0.000000
0.000000
67.000000
252.000000
255.000000
255.000000
255.000000
255.000000
255.000000
254.000000
253.000000
254.000000
255.000000
255.000000
222.000000
25.000000
0.000000
0.000000
66.000000
252.000000
255.000000
255.000000
255.000000
255.000000
255.000000
255.000000
255.000000
255.000000
255.000000
255.000000
222.000000
25.000000
0.000000
0.000000
66.000000
252.000000
255.000000
255.000000
255.000000
255.000000
255.000000
255.000000
255.000000
255.000000
255.000000
255.000000
219.000000
23.000000
0.000000
0.000000
68.000000
253.000000
255.000000
255.000000
255.000000
255.000000
255.000000
255.000000
255.000000
254.000000
254.000000
255.000000
210.000000
14.000000
0.000000
0.000000
73.000000
255.000000
255.000000
255.000000
255.000000
255.000000
255.000000
255.000000
255.000000
254.000000
254.000000
255.000000
213.000000
17.000000
0.000000
0.000000
78.000000
255.000000
255.000000
255.000000
255.000000
255.000000
255.000000
255.000000
255.000000
255.000000
255.000000
255.000000
212.000000
15.000000
0.000000
0.000000
79.000000
255.000000
255.000000
255.000000
255.000000
255.000000
255.000000
255.000000
255.000000
255.000000
255.000000
255.000000
202.000000
9.000000
0.000000
0.000000
82.000000
255.000000
255.000000
255.000000
255.000000
255.000000
255.000000
255.000000
255.000000
255.000000
255.000000
255.000000
198.000000
7.000000
0.000000
0.000000
78.000000
255.000000
255.000000
255.000000
255.000000
255.000000
255.000000
255.000000
255.000000
255.000000
255.000000
255.000000
202.000000
10.000000
0.000000
0.000000
76.000000
255.000000
255.000000
255.000000
255.000000
255.000000
255.000000
255.000000
255.000000
255.000000
255.000000
255.000000
196.000000
6.000000
0.000000
0.000000
78.000000
255.000000
255.000000
255.000000
255.000000
255.000000
255.000000
255.000000
255.000000
255.000000
255.000000
255.000000
195.000000
5.000000
0.000000
0.000000
81.000000
255.000000
255.000000
255.000000
255.000000
255.000000
255.000000
255.000000
255.000000
255.000000
255.000000
255.000000
202.000000
9.000000
0.000000
0.000000
82.000000
255.000000
