229.000000
229.000000
229.000000
230.000000
229.000000
229.000000
229.000000
225.000000
223.000000
232.000000
250.000000
254.000000
249.000000
228.000000
227.000000
228.000000
229.000000
230.000000
229.000000
227.000000
227.000000
226.000000
231.000000
240.000000
254.000000
254.000000
208.000000
167.000000
212.000000
248.000000
229.000000
229.000000
227.000000
224.000000
238.000000
252.000000
251.000000
253.000000
254.000000
247.000000
211.000000
130.000000
59.000000
16.000000
42.000000
209.000000
249.000000
228.000000
223.000000
245.000000
245.000000
207.000000
211.000000
184.000000
112.000000
65.000000
20.000000
1.000000
39.000000
62.000000
8.000000
143.000000
254.000000
226.000000
245.000000
208.000000
49.000000
0.000000
4.000000
2.000000
0.000000
2.000000
26.000000
56.000000
48.000000
53.000000
18.000000
136.000000
253.000000
226.000000
251.000000
168.000000
15.000000
46.000000
87.000000
141.000000
198.000000
200.000000
214.000000
249.000000
151.000000
19.000000
11.000000
145.000000
252.000000
225.000000
224.000000
231.000000
226.000000
233.000000
251.000000
254.000000
254.000000
254.000000
253.000000
255.000000
204.000000
34.000000
14.000000
163.000000
251.000000
223.000000
222.000000
226.000000
242.000000
243.000000
233.000000
225.000000
220.000000
220.000000
218.000000
253.000000
224.000000
50.000000
8.000000
169.000000
253.000000
224.000000
227.000000
226.000000
225.000000
224.000000
222.000000
238.000000
252.000000
254.000000
253.000000
253.000000
149.000000
29.000000
8.000000
134.000000
253.000000
227.000000
228.000000
228.000000
227.000000
226.000000
232.000000
231.000000
209.000000
118.000000
155.000000
253.000000
92.000000
24.000000
21.000000
152.000000
253.000000
226.000000
228.000000
227.000000
226.000000
237.000000
254.000000
100.000000
21.000000
95.000000
141.000000
227.000000
81.000000
21.000000
39.000000
200.000000
247.000000
224.000000
228.000000
226.000000
226.000000
236.000000
254.000000
96.000000
0.000000
176.000000
255.000000
249.000000
65.000000
4.000000
57.000000
234.000000
241.000000
225.000000
228.000000
228.000000
229.000000
225.000000
239.000000
229.000000
64.000000
0.000000
113.000000
139.000000
50.000000
0.000000
109.000000
254.000000
231.000000
225.000000
228.000000
227.000000
227.000000
225.000000
223.000000
252.000000
230.000000
99.000000
32.000000
0.000000
0.000000
61.000000
212.000000
246.000000
225.000000
227.000000
226.000000
226.000000
225.000000
225.000000
224.000000
223.000000
240.000000
251.000000
239.000000
160.000000
95.000000
207.000000
250.000000
222.000000
229.000000
242.000000
226.000000
226.000000
225.000000
225.000000
225.000000
224.000000
223.000000
229.000000
236.000000
250.000000
253.000000
240.000000
233.000000
239.000000
232.000000
180.000000
