191.000000
207.000000
202.000000
216.000000
240.000000
236.000000
213.000000
212.000000
227.000000
236.000000
241.000000
229.000000
204.000000
194.000000
155.000000
197.000000
201.000000
214.000000
240.000000
208.000000
159.000000
100.000000
56.000000
48.000000
70.000000
100.000000
130.000000
90.000000
26.000000
67.000000
243.000000
229.000000
223.000000
166.000000
94.000000
39.000000
0.000000
0.000000
0.000000
0.000000
0.000000
0.000000
0.000000
0.000000
2.000000
0.000000
37.000000
197.000000
241.000000
90.000000
0.000000
1.000000
14.000000
16.000000
2.000000
0.000000
1.000000
9.000000
18.000000
17.000000
17.000000
12.000000
0.000000
154.000000
225.000000
73.000000
0.000000
22.000000
3.000000
0.000000
20.000000
57.000000
29.000000
5.000000
9.000000
18.000000
17.000000
0.000000
46.000000
218.000000
228.000000
59.000000
0.000000
0.000000
10.000000
130.000000
203.000000
225.000000
213.000000
194.000000
46.000000
3.000000
15.000000
0.000000
132.000000
240.000000
232.000000
135.000000
0.000000
41.000000
191.000000
245.000000
221.000000
206.000000
223.000000
245.000000
62.000000
0.000000
0.000000
23.000000
213.000000
213.000000
203.000000
215.000000
174.000000
207.000000
228.000000
194.000000
198.000000
205.000000
218.000000
188.000000
15.000000
6.000000
0.000000
132.000000
244.000000
201.000000
199.000000
204.000000
225.000000
208.000000
196.000000
199.000000
201.000000
203.000000
243.000000
137.000000
0.000000
0.000000
33.000000
233.000000
213.000000
202.000000
202.000000
205.000000
203.000000
203.000000
198.000000
200.000000
200.000000
206.000000
239.000000
59.000000
0.000000
0.000000
147.000000
239.000000
200.000000
203.000000
198.000000
201.000000
201.000000
202.000000
200.000000
197.000000
191.000000
244.000000
158.000000
0.000000
0.000000
74.000000
240.000000
207.000000
205.000000
205.000000
199.000000
200.000000
201.000000
201.000000
199.000000
193.000000
226.000000
201.000000
21.000000
0.000000
41.000000
212.000000
223.000000
206.000000
204.000000
206.000000
200.000000
198.000000
195.000000
197.000000
199.000000
213.000000
201.000000
31.000000
0.000000
0.000000
130.000000
230.000000
208.000000
206.000000
203.000000
206.000000
202.000000
200.000000
194.000000
192.000000
198.000000
224.000000
112.000000
0.000000
0.000000
118.000000
226.000000
207.000000
204.000000
205.000000
202.000000
204.000000
193.000000
197.000000
200.000000
195.000000
193.000000
207.000000
154.000000
96.000000
149.000000
237.000000
214.000000
195.000000
204.000000
206.000000
203.000000
204.000000
193.000000
200.000000
204.000000
201.000000
197.000000
196.000000
218.000000
241.000000
229.000000
204.000000
202.000000
203.000000
204.000000
207.000000
206.000000
203.000000
