254.000000
254.000000
255.000000
255.000000
255.000000
254.000000
255.000000
255.000000
255.000000
255.000000
255.000000
255.000000
255.000000
255.000000
255.000000
255.000000
254.000000
254.000000
252.000000
254.000000
254.000000
254.000000
255.000000
255.000000
255.000000
255.000000
255.000000
255.000000
255.000000
255.000000
255.000000
255.000000
254.000000
253.000000
255.000000
255.000000
255.000000
254.000000
254.000000
255.000000
255.000000
255.000000
255.000000
255.000000
255.000000
255.000000
255.000000
255.000000
254.000000
254.000000
255.000000
195.000000
219.000000
255.000000
254.000000
255.000000
255.000000
255.000000
255.000000
255.000000
255.000000
255.000000
255.000000
255.000000
255.000000
255.000000
171.000000
112.000000
107.000000
224.000000
255.000000
254.000000
253.000000
253.000000
255.000000
254.000000
254.000000
255.000000
254.000000
255.000000
255.000000
254.000000
140.000000
66.000000
67.000000
242.000000
255.000000
255.000000
255.000000
255.000000
255.000000
255.000000
255.000000
254.000000
255.000000
255.000000
255.000000
254.000000
134.000000
156.000000
254.000000
255.000000
251.000000
197.000000
177.000000
162.000000
131.000000
155.000000
247.000000
255.000000
251.000000
254.000000
254.000000
255.000000
185.000000
87.000000
147.000000
105.000000
57.000000
33.000000
24.000000
21.000000
8.000000
1.000000
43.000000
217.000000
255.000000
252.000000
254.000000
253.000000
255.000000
160.000000
31.000000
0.000000
0.000000
3.000000
7.000000
7.000000
13.000000
33.000000
0.000000
56.000000
254.000000
255.000000
254.000000
253.000000
255.000000
255.000000
255.000000
164.000000
65.000000
23.000000
22.000000
50.000000
47.000000
17.000000
30.000000
3.000000
185.000000
255.000000
254.000000
254.000000
254.000000
254.000000
255.000000
255.000000
255.000000
217.000000
219.000000
240.000000
243.000000
146.000000
21.000000
1.000000
150.000000
255.000000
253.000000
253.000000
254.000000
254.000000
252.000000
250.000000
255.000000
255.000000
255.000000
255.000000
255.000000
251.000000
36.000000
0.000000
149.000000
255.000000
253.000000
253.000000
254.000000
254.000000
255.000000
255.000000
253.000000
252.000000
253.000000
253.000000
255.000000
252.000000
48.000000
0.000000
111.000000
255.000000
254.000000
252.000000
254.000000
254.000000
254.000000
254.000000
254.000000
255.000000
254.000000
255.000000
255.000000
254.000000
54.000000
0.000000
94.000000
255.000000
253.000000
248.000000
255.000000
254.000000
254.000000
254.000000
254.000000
254.000000
254.000000
254.000000
255.000000
255.000000
59.000000
0.000000
99.000000
255.000000
188.000000
254.000000
255.000000
254.000000
254.000000
255.000000
255.000000
255.000000
255.000000
255.000000
255.000000
251.000000
48.000000
0.000000
105.000000
255.000000
