228.000000
227.000000
226.000000
238.000000
233.000000
225.000000
227.000000
227.000000
227.000000
226.000000
227.000000
226.000000
226.000000
225.000000
226.000000
226.000000
228.000000
229.000000
227.000000
213.000000
244.000000
241.000000
223.000000
226.000000
226.000000
227.000000
227.000000
227.000000
226.000000
225.000000
227.000000
227.000000
227.000000
238.000000
242.000000
59.000000
62.000000
239.000000
252.000000
230.000000
224.000000
227.000000
227.000000
227.000000
227.000000
227.000000
227.000000
227.000000
225.000000
226.000000
247.000000
160.000000
2.000000
41.000000
183.000000
249.000000
250.000000
226.000000
225.000000
227.000000
227.000000
227.000000
227.000000
227.000000
225.000000
222.000000
223.000000
251.000000
200.000000
38.000000
2.000000
83.000000
200.000000
252.000000
240.000000
224.000000
226.000000
226.000000
227.000000
227.000000
226.000000
225.000000
221.000000
225.000000
252.000000
236.000000
118.000000
7.000000
3.000000
128.000000
247.000000
248.000000
225.000000
226.000000
227.000000
227.000000
227.000000
224.000000
223.000000
222.000000
220.000000
240.000000
252.000000
201.000000
78.000000
2.000000
51.000000
196.000000
242.000000
228.000000
227.000000
227.000000
226.000000
224.000000
223.000000
223.000000
223.000000
223.000000
226.000000
249.000000
249.000000
189.000000
32.000000
36.000000
237.000000
239.000000
226.000000
226.000000
227.000000
225.000000
224.000000
223.000000
222.000000
223.000000
225.000000
219.000000
245.000000
255.000000
92.000000
14.000000
199.000000
243.000000
224.000000
228.000000
227.000000
227.000000
223.000000
226.000000
237.000000
223.000000
229.000000
249.000000
253.000000
139.000000
37.000000
17.000000
116.000000
247.000000
225.000000
226.000000
227.000000
227.000000
232.000000
213.000000
202.000000
252.000000
241.000000
183.000000
91.000000
26.000000
51.000000
13.000000
113.000000
249.000000
224.000000
224.000000
227.000000
227.000000
246.000000
189.000000
46.000000
121.000000
93.000000
29.000000
30.000000
53.000000
21.000000
65.000000
219.000000
236.000000
222.000000
224.000000
227.000000
226.000000
244.000000
214.000000
19.000000
6.000000
30.000000
34.000000
25.000000
20.000000
107.000000
238.000000
245.000000
222.000000
227.000000
226.000000
226.000000
226.000000
228.000000
246.000000
178.000000
64.000000
58.000000
81.000000
108.000000
173.000000
248.000000
244.000000
224.000000
227.000000
227.000000
227.000000
227.000000
227.000000
226.000000
227.000000
247.000000
233.000000
218.000000
236.000000
248.000000
250.000000
231.000000
225.000000
227.000000
227.000000
227.000000
227.000000
227.000000
228.000000
227.000000
227.000000
226.000000
235.000000
238.000000
232.000000
228.000000
225.000000
226.000000
227.000000
227.000000
227.000000
226.000000
226.000000
