227.000000
226.000000
226.000000
232.000000
244.000000
255.000000
255.000000
255.000000
234.000000
253.000000
255.000000
253.000000
237.000000
222.000000
241.000000
230.000000
224.000000
236.000000
255.000000
254.000000
236.000000
194.000000
143.000000
74.000000
38.000000
63.000000
71.000000
57.000000
40.000000
27.000000
134.000000
252.000000
235.000000
221.000000
163.000000
107.000000
54.000000
4.000000
0.000000
0.000000
0.000000
0.000000
0.000000
0.000000
0.000000
0.000000
77.000000
255.000000
255.000000
152.000000
0.000000
0.000000
0.000000
0.000000
0.000000
0.000000
0.000000
0.000000
0.000000
0.000000
0.000000
0.000000
114.000000
255.000000
255.000000
149.000000
0.000000
0.000000
0.000000
0.000000
0.000000
0.000000
0.000000
0.000000
7.000000
3.000000
0.000000
0.000000
84.000000
255.000000
255.000000
173.000000
0.000000
0.000000
0.000000
18.000000
29.000000
39.000000
107.000000
181.000000
198.000000
14.000000
0.000000
0.000000
124.000000
255.000000
237.000000
229.000000
85.000000
30.000000
77.000000
201.000000
224.000000
225.000000
255.000000
255.000000
178.000000
2.000000
0.000000
0.000000
192.000000
255.000000
223.000000
241.000000
241.000000
217.000000
253.000000
255.000000
250.000000
245.000000
242.000000
248.000000
41.000000
0.000000
0.000000
0.000000
185.000000
255.000000
229.000000
227.000000
238.000000
247.000000
238.000000
228.000000
226.000000
226.000000
243.000000
231.000000
29.000000
0.000000
0.000000
0.000000
190.000000
255.000000
229.000000
230.000000
229.000000
228.000000
228.000000
230.000000
230.000000
229.000000
246.000000
220.000000
26.000000
0.000000
0.000000
8.000000
209.000000
252.000000
230.000000
230.000000
230.000000
230.000000
229.000000
230.000000
230.000000
229.000000
249.000000
211.000000
19.000000
0.000000
0.000000
26.000000
221.000000
247.000000
230.000000
230.000000
230.000000
230.000000
230.000000
230.000000
230.000000
228.000000
252.000000
207.000000
11.000000
0.000000
0.000000
38.000000
232.000000
244.000000
230.000000
230.000000
230.000000
230.000000
230.000000
230.000000
230.000000
228.000000
250.000000
214.000000
2.000000
0.000000
0.000000
41.000000
239.000000
240.000000
230.000000
230.000000
230.000000
230.000000
230.000000
230.000000
230.000000
229.000000
233.000000
242.000000
131.000000
66.000000
93.000000
162.000000
239.000000
232.000000
230.000000
230.000000
230.000000
230.000000
230.000000
230.000000
230.000000
230.000000
227.000000
234.000000
250.000000
242.000000
255.000000
255.000000
228.000000
228.000000
230.000000
230.000000
230.000000
230.000000
230.000000
230.000000
230.000000
230.000000
230.000000
228.000000
234.000000
240.000000
234.000000
231.000000
229.000000
229.000000
