255.000000
254.000000
216.000000
202.000000
181.000000
140.000000
119.000000
146.000000
174.000000
227.000000
255.000000
255.000000
255.000000
255.000000
253.000000
253.000000
255.000000
99.000000
0.000000
0.000000
0.000000
0.000000
0.000000
0.000000
0.000000
5.000000
69.000000
176.000000
255.000000
255.000000
250.000000
250.000000
255.000000
192.000000
67.000000
10.000000
0.000000
0.000000
0.000000
0.000000
0.000000
0.000000
0.000000
0.000000
86.000000
238.000000
255.000000
253.000000
255.000000
255.000000
255.000000
243.000000
161.000000
73.000000
6.000000
0.000000
0.000000
0.000000
0.000000
0.000000
0.000000
33.000000
188.000000
255.000000
252.000000
250.000000
255.000000
255.000000
255.000000
255.000000
229.000000
136.000000
61.000000
0.000000
0.000000
0.000000
0.000000
0.000000
0.000000
207.000000
255.000000
254.000000
251.000000
255.000000
254.000000
255.000000
255.000000
255.000000
255.000000
189.000000
60.000000
0.000000
0.000000
0.000000
0.000000
153.000000
253.000000
252.000000
251.000000
253.000000
252.000000
250.000000
252.000000
254.000000
249.000000
255.000000
255.000000
143.000000
0.000000
0.000000
0.000000
168.000000
243.000000
242.000000
242.000000
242.000000
243.000000
242.000000
242.000000
244.000000
232.000000
238.000000
253.000000
255.000000
170.000000
4.000000
0.000000
200.000000
255.000000
254.000000
253.000000
255.000000
254.000000
252.000000
255.000000
255.000000
241.000000
251.000000
254.000000
255.000000
255.000000
32.000000
0.000000
204.000000
254.000000
254.000000
251.000000
255.000000
254.000000
251.000000
255.000000
255.000000
241.000000
250.000000
255.000000
255.000000
212.000000
4.000000
0.000000
223.000000
252.000000
251.000000
249.000000
253.000000
252.000000
249.000000
253.000000
253.000000
241.000000
248.000000
255.000000
255.000000
42.000000
0.000000
107.000000
255.000000
255.000000
255.000000
253.000000
255.000000
255.000000
252.000000
255.000000
255.000000
240.000000
253.000000
255.000000
134.000000
0.000000
36.000000
252.000000
255.000000
253.000000
252.000000
250.000000
254.000000
253.000000
251.000000
253.000000
254.000000
242.000000
255.000000
203.000000
0.000000
18.000000
229.000000
255.000000
250.000000
253.000000
251.000000
249.000000
253.000000
252.000000
250.000000
253.000000
252.000000
255.000000
219.000000
0.000000
11.000000
222.000000
255.000000
251.000000
250.000000
255.000000
255.000000
253.000000
255.000000
255.000000
253.000000
255.000000
255.000000
182.000000
0.000000
66.000000
223.000000
255.000000
255.000000
253.000000
254.000000
253.000000
252.000000
250.000000
253.000000
252.000000
250.000000
255.000000
243.000000
64.000000
116.000000
255.000000
255.000000
250.000000
253.000000
250.000000
250.000000
