255.000000
255.000000
255.000000
255.000000
255.000000
255.000000
255.000000
255.000000
255.000000
255.000000
255.000000
255.000000
255.000000
255.000000
255.000000
255.000000
255.000000
255.000000
199.000000
123.000000
99.000000
43.000000
40.000000
107.000000
174.000000
253.000000
255.000000
255.000000
255.000000
255.000000
255.000000
255.000000
245.000000
65.000000
0.000000
0.000000
0.000000
0.000000
0.000000
0.000000
0.000000
35.000000
130.000000
255.000000
255.000000
254.000000
255.000000
255.000000
241.000000
63.000000
0.000000
0.000000
0.000000
0.000000
0.000000
0.000000
0.000000
0.000000
0.000000
54.000000
220.000000
255.000000
255.000000
255.000000
255.000000
255.000000
189.000000
127.000000
81.000000
58.000000
56.000000
22.000000
0.000000
0.000000
0.000000
0.000000
17.000000
214.000000
255.000000
254.000000
254.000000
255.000000
255.000000
255.000000
255.000000
255.000000
255.000000
243.000000
204.000000
155.000000
78.000000
1.000000
0.000000
14.000000
224.000000
255.000000
255.000000
255.000000
255.000000
255.000000
255.000000
255.000000
255.000000
255.000000
255.000000
255.000000
255.000000
202.000000
6.000000
0.000000
58.000000
255.000000
255.000000
255.000000
255.000000
255.000000
255.000000
255.000000
255.000000
255.000000
254.000000
255.000000
255.000000
119.000000
3.000000
0.000000
0.000000
189.000000
255.000000
255.000000
255.000000
255.000000
255.000000
255.000000
255.000000
255.000000
255.000000
255.000000
100.000000
0.000000
0.000000
0.000000
0.000000
214.000000
255.000000
255.000000
255.000000
255.000000
255.000000
255.000000
255.000000
255.000000
232.000000
58.000000
0.000000
0.000000
0.000000
0.000000
125.000000
255.000000
255.000000
255.000000
255.000000
255.000000
255.000000
255.000000
255.000000
178.000000
27.000000
0.000000
0.000000
0.000000
0.000000
147.000000
255.000000
255.000000
255.000000
255.000000
255.000000
255.000000
255.000000
255.000000
112.000000
0.000000
0.000000
0.000000
0.000000
69.000000
196.000000
255.000000
255.000000
255.000000
255.000000
255.000000
255.000000
255.000000
216.000000
56.000000
0.000000
0.000000
0.000000
64.000000
180.000000
255.000000
255.000000
255.000000
255.000000
255.000000
254.000000
255.000000
238.000000
123.000000
0.000000
0.000000
15.000000
101.000000
197.000000
255.000000
255.000000
255.000000
254.000000
255.000000
255.000000
255.000000
255.000000
169.000000
16.000000
0.000000
57.000000
148.000000
241.000000
255.000000
255.000000
255.000000
254.000000
255.000000
255.000000
255.000000
255.000000
255.000000
255.000000
203.000000
166.000000
218.000000
255.000000
255.000000
255.000000
255.000000
255.000000
255.000000
255.000000
255.000000
255.000000
255.000000
255.000000
255.000000
