255.000000
255.000000
255.000000
255.000000
255.000000
255.000000
252.000000
204.000000
181.000000
194.000000
233.000000
255.000000
255.000000
255.000000
255.000000
255.000000
255.000000
255.000000
255.000000
255.000000
255.000000
155.000000
53.000000
3.000000
0.000000
0.000000
26.000000
105.000000
224.000000
255.000000
255.000000
255.000000
255.000000
255.000000
255.000000
251.000000
86.000000
0.000000
0.000000
0.000000
0.000000
0.000000
0.000000
0.000000
24.000000
215.000000
255.000000
255.000000
255.000000
255.000000
255.000000
77.000000
0.000000
0.000000
0.000000
0.000000
0.000000
0.000000
0.000000
0.000000
0.000000
71.000000
255.000000
255.000000
255.000000
255.000000
103.000000
0.000000
0.000000
0.000000
0.000000
0.000000
0.000000
131.000000
51.000000
0.000000
0.000000
4.000000
223.000000
255.000000
255.000000
166.000000
0.000000
0.000000
0.000000
0.000000
0.000000
0.000000
184.000000
255.000000
50.000000
0.000000
0.000000
0.000000
189.000000
255.000000
215.000000
6.000000
0.000000
0.000000
0.000000
0.000000
0.000000
143.000000
255.000000
253.000000
37.000000
0.000000
0.000000
0.000000
185.000000
255.000000
172.000000
0.000000
0.000000
0.000000
0.000000
0.000000
43.000000
255.000000
255.000000
245.000000
39.000000
0.000000
0.000000
0.000000
185.000000
255.000000
244.000000
119.000000
22.000000
0.000000
0.000000
0.000000
166.000000
255.000000
255.000000
246.000000
39.000000
0.000000
0.000000
0.000000
195.000000
255.000000
255.000000
255.000000
225.000000
164.000000
114.000000
162.000000
255.000000
255.000000
255.000000
246.000000
39.000000
0.000000
0.000000
22.000000
237.000000
255.000000
255.000000
255.000000
255.000000
255.000000
255.000000
255.000000
255.000000
255.000000
255.000000
245.000000
36.000000
0.000000
0.000000
89.000000
255.000000
255.000000
255.000000
255.000000
255.000000
255.000000
255.000000
255.000000
255.000000
255.000000
255.000000
253.000000
54.000000
0.000000
0.000000
187.000000
255.000000
255.000000
255.000000
255.000000
255.000000
255.000000
255.000000
255.000000
255.000000
255.000000
255.000000
255.000000
65.000000
0.000000
40.000000
254.000000
255.000000
255.000000
255.000000
255.000000
255.000000
255.000000
255.000000
255.000000
255.000000
255.000000
255.000000
255.000000
65.000000
0.000000
143.000000
255.000000
255.000000
255.000000
255.000000
255.000000
255.000000
255.000000
255.000000
255.000000
255.000000
255.000000
255.000000
255.000000
179.000000
46.000000
214.000000
255.000000
255.000000
255.000000
255.000000
255.000000
255.000000
255.000000
255.000000
255.000000
255.000000
255.000000
255.000000
255.000000
255.000000
249.000000
254.000000
255.000000
255.000000
255.000000
