255.000000
255.000000
255.000000
255.000000
255.000000
255.000000
255.000000
249.000000
236.000000
240.000000
255.000000
255.000000
255.000000
255.000000
255.000000
255.000000
255.000000
255.000000
255.000000
255.000000
255.000000
175.000000
80.000000
26.000000
15.000000
17.000000
87.000000
170.000000
255.000000
255.000000
254.000000
255.000000
255.000000
255.000000
255.000000
169.000000
43.000000
0.000000
0.000000
0.000000
0.000000
0.000000
0.000000
0.000000
68.000000
242.000000
255.000000
255.000000
255.000000
204.000000
71.000000
0.000000
0.000000
0.000000
0.000000
0.000000
0.000000
0.000000
0.000000
0.000000
0.000000
42.000000
246.000000
255.000000
146.000000
0.000000
0.000000
0.000000
0.000000
0.000000
0.000000
3.000000
28.000000
25.000000
0.000000
0.000000
0.000000
0.000000
123.000000
255.000000
0.000000
0.000000
0.000000
0.000000
0.000000
42.000000
123.000000
214.000000
250.000000
248.000000
131.000000
0.000000
0.000000
0.000000
11.000000
227.000000
139.000000
105.000000
82.000000
99.000000
178.000000
255.000000
255.000000
255.000000
255.000000
255.000000
234.000000
1.000000
0.000000
0.000000
0.000000
122.000000
255.000000
255.000000
255.000000
255.000000
255.000000
255.000000
255.000000
255.000000
255.000000
255.000000
212.000000
0.000000
0.000000
0.000000
0.000000
158.000000
255.000000
255.000000
255.000000
255.000000
255.000000
255.000000
255.000000
255.000000
255.000000
255.000000
186.000000
0.000000
0.000000
0.000000
24.000000
246.000000
255.000000
255.000000
255.000000
255.000000
255.000000
255.000000
255.000000
255.000000
255.000000
255.000000
121.000000
0.000000
0.000000
0.000000
109.000000
255.000000
255.000000
255.000000
255.000000
255.000000
255.000000
255.000000
255.000000
254.000000
255.000000
255.000000
37.000000
0.000000
0.000000
14.000000
234.000000
255.000000
255.000000
255.000000
255.000000
255.000000
255.000000
255.000000
255.000000
254.000000
255.000000
171.000000
0.000000
0.000000
0.000000
170.000000
255.000000
255.000000
255.000000
255.000000
255.000000
255.000000
255.000000
255.000000
253.000000
255.000000
255.000000
61.000000
0.000000
0.000000
136.000000
255.000000
254.000000
255.000000
255.000000
255.000000
255.000000
255.000000
255.000000
255.000000
255.000000
255.000000
107.000000
0.000000
0.000000
139.000000
255.000000
255.000000
254.000000
255.000000
255.000000
255.000000
255.000000
255.000000
255.000000
255.000000
242.000000
79.000000
0.000000
106.000000
212.000000
255.000000
255.000000
254.000000
255.000000
255.000000
255.000000
255.000000
255.000000
255.000000
255.000000
255.000000
232.000000
145.000000
237.000000
255.000000
255.000000
255.000000
255.000000
255.000000
255.000000
255.000000
