184.000000
87.000000
82.000000
168.000000
191.000000
164.000000
154.000000
164.000000
163.000000
172.000000
187.000000
169.000000
137.000000
175.000000
254.000000
255.000000
205.000000
129.000000
12.000000
0.000000
0.000000
0.000000
0.000000
0.000000
0.000000
0.000000
19.000000
12.000000
0.000000
8.000000
215.000000
255.000000
255.000000
255.000000
237.000000
95.000000
113.000000
189.000000
192.000000
187.000000
181.000000
117.000000
16.000000
32.000000
45.000000
0.000000
68.000000
240.000000
255.000000
255.000000
255.000000
255.000000
255.000000
255.000000
255.000000
255.000000
255.000000
138.000000
0.000000
31.000000
46.000000
0.000000
78.000000
241.000000
255.000000
255.000000
255.000000
255.000000
255.000000
255.000000
255.000000
255.000000
254.000000
73.000000
0.000000
52.000000
15.000000
0.000000
178.000000
255.000000
255.000000
255.000000
255.000000
255.000000
255.000000
255.000000
255.000000
255.000000
244.000000
116.000000
43.000000
26.000000
0.000000
113.000000
245.000000
255.000000
255.000000
255.000000
255.000000
255.000000
255.000000
255.000000
255.000000
255.000000
215.000000
175.000000
111.000000
0.000000
92.000000
255.000000
255.000000
255.000000
255.000000
255.000000
255.000000
255.000000
255.000000
255.000000
255.000000
255.000000
206.000000
169.000000
82.000000
0.000000
146.000000
255.000000
255.000000
255.000000
255.000000
255.000000
255.000000
255.000000
255.000000
255.000000
255.000000
255.000000
223.000000
178.000000
44.000000
3.000000
192.000000
255.000000
255.000000
255.000000
255.000000
255.000000
255.000000
255.000000
255.000000
255.000000
255.000000
255.000000
219.000000
171.000000
50.000000
4.000000
206.000000
255.000000
255.000000
255.000000
255.000000
255.000000
255.000000
255.000000
255.000000
255.000000
255.000000
255.000000
244.000000
222.000000
73.000000
0.000000
184.000000
255.000000
255.000000
255.000000
255.000000
255.000000
255.000000
255.000000
255.000000
255.000000
255.000000
255.000000
255.000000
255.000000
123.000000
0.000000
127.000000
246.000000
255.000000
255.000000
255.000000
255.000000
255.000000
255.000000
255.000000
255.000000
255.000000
255.000000
255.000000
255.000000
193.000000
0.000000
32.000000
200.000000
255.000000
255.000000
255.000000
255.000000
255.000000
255.000000
255.000000
255.000000
255.000000
255.000000
224.000000
101.000000
53.000000
30.000000
4.000000
74.000000
239.000000
255.000000
255.000000
255.000000
255.000000
255.000000
255.000000
255.000000
255.000000
255.000000
219.000000
78.000000
18.000000
19.000000
0.000000
0.000000
95.000000
242.000000
255.000000
255.000000
255.000000
255.000000
255.000000
255.000000
255.000000
255.000000
255.000000
255.000000
255.000000
190.000000
105.000000
53.000000
149.000000
249.000000
