255.000000
255.000000
255.000000
255.000000
255.000000
255.000000
255.000000
255.000000
255.000000
255.000000
255.000000
255.000000
255.000000
255.000000
255.000000
255.000000
255.000000
255.000000
255.000000
179.000000
109.000000
62.000000
30.000000
45.000000
84.000000
126.000000
151.000000
173.000000
244.000000
255.000000
255.000000
255.000000
255.000000
199.000000
43.000000
0.000000
0.000000
0.000000
0.000000
0.000000
0.000000
0.000000
0.000000
0.000000
30.000000
170.000000
237.000000
255.000000
205.000000
2.000000
0.000000
95.000000
181.000000
225.000000
194.000000
136.000000
108.000000
74.000000
1.000000
0.000000
0.000000
0.000000
164.000000
255.000000
88.000000
0.000000
40.000000
255.000000
255.000000
255.000000
255.000000
255.000000
255.000000
255.000000
153.000000
0.000000
0.000000
56.000000
250.000000
255.000000
235.000000
85.000000
115.000000
255.000000
255.000000
255.000000
255.000000
255.000000
255.000000
255.000000
255.000000
71.000000
0.000000
101.000000
255.000000
255.000000
255.000000
255.000000
255.000000
255.000000
255.000000
255.000000
255.000000
255.000000
255.000000
255.000000
255.000000
253.000000
39.000000
83.000000
255.000000
255.000000
255.000000
255.000000
255.000000
255.000000
255.000000
255.000000
255.000000
255.000000
255.000000
255.000000
255.000000
255.000000
69.000000
84.000000
255.000000
255.000000
255.000000
255.000000
255.000000
255.000000
255.000000
255.000000
255.000000
255.000000
255.000000
255.000000
248.000000
81.000000
91.000000
249.000000
255.000000
255.000000
255.000000
255.000000
255.000000
255.000000
255.000000
255.000000
255.000000
255.000000
255.000000
182.000000
16.000000
87.000000
255.000000
255.000000
255.000000
255.000000
255.000000
255.000000
255.000000
255.000000
255.000000
255.000000
255.000000
255.000000
120.000000
0.000000
101.000000
255.000000
255.000000
255.000000
255.000000
255.000000
255.000000
255.000000
255.000000
255.000000
255.000000
255.000000
255.000000
186.000000
0.000000
120.000000
255.000000
255.000000
255.000000
255.000000
255.000000
255.000000
255.000000
255.000000
255.000000
255.000000
255.000000
255.000000
255.000000
43.000000
26.000000
255.000000
255.000000
255.000000
255.000000
255.000000
255.000000
255.000000
255.000000
255.000000
255.000000
255.000000
255.000000
255.000000
248.000000
8.000000
114.000000
255.000000
255.000000
255.000000
255.000000
255.000000
255.000000
255.000000
255.000000
255.000000
255.000000
255.000000
255.000000
255.000000
219.000000
105.000000
217.000000
255.000000
255.000000
255.000000
255.000000
255.000000
255.000000
255.000000
255.000000
255.000000
255.000000
255.000000
255.000000
255.000000
242.000000
245.000000
255.000000
255.000000
255.000000
255.000000
255.000000
255.000000
255.000000
255.000000
