255.000000
255.000000
255.000000
255.000000
255.000000
255.000000
255.000000
255.000000
255.000000
255.000000
255.000000
255.000000
255.000000
255.000000
255.000000
255.000000
255.000000
255.000000
255.000000
255.000000
224.000000
172.000000
111.000000
92.000000
91.000000
104.000000
172.000000
255.000000
255.000000
255.000000
255.000000
255.000000
255.000000
255.000000
186.000000
71.000000
4.000000
0.000000
0.000000
0.000000
0.000000
0.000000
0.000000
56.000000
197.000000
255.000000
255.000000
255.000000
255.000000
99.000000
0.000000
0.000000
0.000000
0.000000
0.000000
0.000000
0.000000
0.000000
0.000000
0.000000
0.000000
154.000000
255.000000
255.000000
150.000000
0.000000
0.000000
0.000000
0.000000
0.000000
0.000000
0.000000
0.000000
0.000000
42.000000
31.000000
0.000000
0.000000
220.000000
255.000000
161.000000
0.000000
0.000000
0.000000
0.000000
0.000000
0.000000
19.000000
100.000000
180.000000
255.000000
246.000000
56.000000
0.000000
107.000000
255.000000
255.000000
186.000000
92.000000
54.000000
69.000000
133.000000
203.000000
240.000000
255.000000
255.000000
255.000000
255.000000
161.000000
0.000000
52.000000
255.000000
255.000000
255.000000
255.000000
255.000000
255.000000
255.000000
255.000000
255.000000
255.000000
255.000000
255.000000
255.000000
177.000000
0.000000
27.000000
250.000000
255.000000
254.000000
255.000000
255.000000
255.000000
255.000000
255.000000
255.000000
255.000000
255.000000
255.000000
255.000000
166.000000
0.000000
32.000000
249.000000
255.000000
255.000000
255.000000
255.000000
255.000000
255.000000
255.000000
255.000000
255.000000
254.000000
255.000000
255.000000
88.000000
0.000000
54.000000
255.000000
255.000000
255.000000
255.000000
255.000000
255.000000
255.000000
255.000000
255.000000
255.000000
254.000000
255.000000
182.000000
0.000000
0.000000
9.000000
218.000000
255.000000
255.000000
255.000000
255.000000
255.000000
255.000000
255.000000
255.000000
255.000000
255.000000
255.000000
56.000000
0.000000
0.000000
0.000000
181.000000
255.000000
255.000000
255.000000
255.000000
255.000000
255.000000
255.000000
255.000000
255.000000
255.000000
246.000000
16.000000
0.000000
0.000000
7.000000
230.000000
255.000000
255.000000
255.000000
255.000000
255.000000
255.000000
255.000000
255.000000
255.000000
255.000000
251.000000
44.000000
0.000000
0.000000
102.000000
255.000000
255.000000
255.000000
255.000000
255.000000
255.000000
255.000000
255.000000
255.000000
255.000000
255.000000
255.000000
195.000000
10.000000
38.000000
240.000000
255.000000
255.000000
255.000000
255.000000
255.000000
255.000000
255.000000
255.000000
255.000000
255.000000
255.000000
255.000000
255.000000
234.000000
251.000000
255.000000
253.000000
