244.000000
254.000000
255.000000
255.000000
255.000000
255.000000
255.000000
255.000000
255.000000
255.000000
254.000000
230.000000
202.000000
217.000000
253.000000
240.000000
254.000000
216.000000
174.000000
162.000000
136.000000
144.000000
151.000000
133.000000
128.000000
92.000000
36.000000
0.000000
0.000000
5.000000
190.000000
255.000000
77.000000
0.000000
20.000000
25.000000
0.000000
0.000000
0.000000
0.000000
0.000000
8.000000
40.000000
95.000000
16.000000
0.000000
141.000000
255.000000
106.000000
161.000000
239.000000
236.000000
217.000000
219.000000
219.000000
212.000000
220.000000
245.000000
255.000000
255.000000
69.000000
0.000000
193.000000
255.000000
255.000000
255.000000
253.000000
253.000000
254.000000
254.000000
254.000000
254.000000
254.000000
253.000000
253.000000
255.000000
66.000000
0.000000
205.000000
255.000000
238.000000
238.000000
243.000000
245.000000
243.000000
241.000000
244.000000
244.000000
245.000000
243.000000
249.000000
255.000000
76.000000
0.000000
209.000000
255.000000
237.000000
241.000000
245.000000
240.000000
241.000000
238.000000
243.000000
242.000000
244.000000
243.000000
249.000000
255.000000
91.000000
0.000000
210.000000
254.000000
239.000000
243.000000
243.000000
243.000000
243.000000
243.000000
243.000000
244.000000
245.000000
242.000000
243.000000
255.000000
130.000000
33.000000
246.000000
253.000000
239.000000
241.000000
243.000000
241.000000
243.000000
245.000000
242.000000
243.000000
245.000000
244.000000
240.000000
255.000000
144.000000
54.000000
253.000000
252.000000
242.000000
239.000000
239.000000
243.000000
242.000000
241.000000
242.000000
243.000000
243.000000
242.000000
241.000000
255.000000
171.000000
38.000000
230.000000
253.000000
243.000000
242.000000
241.000000
243.000000
243.000000
242.000000
241.000000
242.000000
244.000000
242.000000
240.000000
254.000000
180.000000
0.000000
188.000000
255.000000
240.000000
240.000000
244.000000
243.000000
241.000000
237.000000
240.000000
242.000000
243.000000
243.000000
242.000000
255.000000
163.000000
0.000000
139.000000
255.000000
241.000000
238.000000
242.000000
243.000000
239.000000
242.000000
244.000000
243.000000
245.000000
243.000000
239.000000
255.000000
178.000000
0.000000
74.000000
254.000000
242.000000
241.000000
239.000000
239.000000
243.000000
246.000000
243.000000
244.000000
243.000000
243.000000
250.000000
249.000000
114.000000
0.000000
15.000000
243.000000
241.000000
241.000000
241.000000
241.000000
245.000000
244.000000
242.000000
243.000000
243.000000
244.000000
255.000000
202.000000
0.000000
0.000000
46.000000
254.000000
240.000000
237.000000
240.000000
243.000000
242.000000
241.000000
244.000000
244.000000
241.000000
244.000000
248.000000
244.000000
137.000000
103.000000
211.000000
223.000000
