255.000000
253.000000
254.000000
254.000000
254.000000
255.000000
255.000000
255.000000
255.000000
255.000000
255.000000
255.000000
253.000000
253.000000
254.000000
255.000000
253.000000
253.000000
253.000000
255.000000
255.000000
255.000000
238.000000
202.000000
194.000000
188.000000
243.000000
255.000000
255.000000
248.000000
255.000000
255.000000
252.000000
255.000000
255.000000
255.000000
221.000000
112.000000
28.000000
0.000000
0.000000
0.000000
28.000000
130.000000
255.000000
255.000000
253.000000
254.000000
255.000000
255.000000
174.000000
92.000000
11.000000
0.000000
0.000000
0.000000
0.000000
0.000000
0.000000
0.000000
56.000000
241.000000
255.000000
252.000000
255.000000
112.000000
0.000000
0.000000
0.000000
0.000000
0.000000
0.000000
1.000000
0.000000
0.000000
0.000000
0.000000
69.000000
255.000000
255.000000
104.000000
0.000000
0.000000
1.000000
0.000000
0.000000
1.000000
0.000000
0.000000
0.000000
30.000000
0.000000
0.000000
0.000000
183.000000
255.000000
0.000000
0.000000
4.000000
0.000000
1.000000
1.000000
0.000000
0.000000
89.000000
188.000000
249.000000
182.000000
15.000000
0.000000
96.000000
255.000000
1.000000
0.000000
1.000000
1.000000
0.000000
0.000000
65.000000
198.000000
255.000000
255.000000
255.000000
255.000000
189.000000
0.000000
46.000000
255.000000
104.000000
0.000000
1.000000
0.000000
0.000000
128.000000
255.000000
255.000000
255.000000
252.000000
253.000000
255.000000
255.000000
40.000000
1.000000
255.000000
216.000000
0.000000
0.000000
0.000000
156.000000
255.000000
255.000000
253.000000
254.000000
255.000000
254.000000
254.000000
255.000000
97.000000
15.000000
255.000000
255.000000
162.000000
72.000000
133.000000
255.000000
255.000000
254.000000
255.000000
255.000000
255.000000
255.000000
255.000000
255.000000
94.000000
53.000000
255.000000
255.000000
255.000000
255.000000
255.000000
255.000000
252.000000
254.000000
255.000000
255.000000
255.000000
255.000000
255.000000
255.000000
75.000000
91.000000
255.000000
255.000000
254.000000
255.000000
255.000000
255.000000
255.000000
255.000000
255.000000
255.000000
255.000000
255.000000
255.000000
255.000000
80.000000
146.000000
255.000000
255.000000
255.000000
255.000000
255.000000
255.000000
255.000000
255.000000
255.000000
255.000000
255.000000
255.000000
255.000000
255.000000
83.000000
188.000000
255.000000
255.000000
255.000000
255.000000
255.000000
255.000000
255.000000
255.000000
255.000000
255.000000
255.000000
254.000000
255.000000
254.000000
84.000000
210.000000
255.000000
255.000000
255.000000
255.000000
255.000000
255.000000
255.000000
255.000000
255.000000
255.000000
255.000000
255.000000
255.000000
247.000000
183.000000
242.000000
255.000000
