255.000000
255.000000
255.000000
254.000000
252.000000
249.000000
249.000000
255.000000
255.000000
255.000000
255.000000
239.000000
255.000000
255.000000
247.000000
249.000000
254.000000
255.000000
254.000000
254.000000
254.000000
248.000000
255.000000
255.000000
199.000000
103.000000
53.000000
32.000000
80.000000
220.000000
255.000000
247.000000
254.000000
255.000000
255.000000
254.000000
253.000000
255.000000
243.000000
100.000000
0.000000
0.000000
0.000000
0.000000
0.000000
20.000000
230.000000
254.000000
254.000000
252.000000
247.000000
255.000000
255.000000
204.000000
39.000000
0.000000
0.000000
0.000000
5.000000
75.000000
36.000000
0.000000
152.000000
255.000000
255.000000
248.000000
255.000000
255.000000
160.000000
5.000000
0.000000
0.000000
0.000000
93.000000
205.000000
255.000000
121.000000
0.000000
177.000000
255.000000
252.000000
255.000000
255.000000
113.000000
0.000000
0.000000
0.000000
44.000000
196.000000
255.000000
255.000000
255.000000
61.000000
0.000000
216.000000
255.000000
253.000000
255.000000
128.000000
0.000000
0.000000
0.000000
70.000000
244.000000
255.000000
255.000000
255.000000
230.000000
0.000000
15.000000
246.000000
255.000000
255.000000
189.000000
0.000000
0.000000
0.000000
81.000000
255.000000
255.000000
250.000000
249.000000
255.000000
151.000000
0.000000
144.000000
255.000000
252.000000
255.000000
178.000000
0.000000
0.000000
82.000000
255.000000
255.000000
250.000000
252.000000
255.000000
255.000000
50.000000
10.000000
255.000000
255.000000
248.000000
254.000000
255.000000
155.000000
107.000000
250.000000
255.000000
251.000000
251.000000
253.000000
255.000000
233.000000
0.000000
136.000000
255.000000
250.000000
252.000000
253.000000
254.000000
255.000000
255.000000
255.000000
250.000000
249.000000
250.000000
252.000000
255.000000
152.000000
20.000000
248.000000
255.000000
248.000000
252.000000
254.000000
253.000000
255.000000
255.000000
254.000000
254.000000
251.000000
252.000000
255.000000
255.000000
79.000000
75.000000
255.000000
255.000000
253.000000
252.000000
255.000000
255.000000
255.000000
255.000000
254.000000
254.000000
255.000000
254.000000
255.000000
255.000000
55.000000
116.000000
255.000000
255.000000
254.000000
254.000000
255.000000
255.000000
255.000000
255.000000
255.000000
255.000000
255.000000
254.000000
255.000000
252.000000
60.000000
182.000000
255.000000
254.000000
255.000000
255.000000
255.000000
255.000000
255.000000
255.000000
255.000000
255.000000
255.000000
254.000000
255.000000
210.000000
103.000000
246.000000
255.000000
255.000000
255.000000
255.000000
255.000000
255.000000
255.000000
255.000000
255.000000
255.000000
255.000000
254.000000
255.000000
197.000000
162.000000
255.000000
255.000000
255.000000
255.000000
255.000000
