255.000000
255.000000
255.000000
255.000000
255.000000
255.000000
251.000000
222.000000
209.000000
201.000000
217.000000
255.000000
255.000000
255.000000
255.000000
255.000000
255.000000
255.000000
255.000000
245.000000
168.000000
88.000000
28.000000
0.000000
0.000000
0.000000
0.000000
69.000000
172.000000
255.000000
255.000000
255.000000
255.000000
255.000000
133.000000
28.000000
0.000000
0.000000
0.000000
17.000000
38.000000
52.000000
0.000000
0.000000
0.000000
155.000000
255.000000
255.000000
232.000000
41.000000
0.000000
0.000000
8.000000
122.000000
213.000000
250.000000
255.000000
255.000000
222.000000
54.000000
0.000000
0.000000
186.000000
255.000000
233.000000
19.000000
0.000000
25.000000
223.000000
255.000000
255.000000
255.000000
255.000000
255.000000
255.000000
227.000000
10.000000
0.000000
78.000000
255.000000
255.000000
239.000000
124.000000
202.000000
255.000000
255.000000
255.000000
255.000000
255.000000
254.000000
255.000000
255.000000
42.000000
0.000000
48.000000
255.000000
255.000000
255.000000
255.000000
255.000000
255.000000
255.000000
255.000000
255.000000
255.000000
255.000000
255.000000
237.000000
24.000000
0.000000
60.000000
255.000000
255.000000
255.000000
255.000000
255.000000
255.000000
255.000000
255.000000
255.000000
255.000000
255.000000
255.000000
213.000000
3.000000
0.000000
100.000000
255.000000
255.000000
255.000000
255.000000
255.000000
255.000000
255.000000
255.000000
255.000000
255.000000
255.000000
255.000000
210.000000
0.000000
0.000000
169.000000
255.000000
255.000000
255.000000
255.000000
255.000000
255.000000
255.000000
255.000000
255.000000
255.000000
255.000000
255.000000
164.000000
0.000000
0.000000
213.000000
255.000000
255.000000
255.000000
255.000000
255.000000
255.000000
255.000000
255.000000
255.000000
255.000000
255.000000
255.000000
112.000000
0.000000
55.000000
254.000000
255.000000
255.000000
255.000000
255.000000
255.000000
255.000000
255.000000
255.000000
255.000000
255.000000
255.000000
242.000000
31.000000
0.000000
73.000000
255.000000
255.000000
255.000000
255.000000
255.000000
255.000000
255.000000
255.000000
255.000000
255.000000
255.000000
255.000000
226.000000
6.000000
0.000000
105.000000
255.000000
255.000000
255.000000
255.000000
255.000000
255.000000
255.000000
255.000000
255.000000
255.000000
255.000000
255.000000
250.000000
22.000000
0.000000
138.000000
255.000000
255.000000
255.000000
255.000000
255.000000
255.000000
255.000000
255.000000
255.000000
255.000000
255.000000
255.000000
255.000000
86.000000
10.000000
191.000000
255.000000
255.000000
255.000000
255.000000
255.000000
255.000000
255.000000
255.000000
255.000000
255.000000
255.000000
255.000000
255.000000
234.000000
226.000000
255.000000
255.000000
255.000000
