254.000000
248.000000
237.000000
216.000000
171.000000
130.000000
101.000000
94.000000
137.000000
185.000000
241.000000
255.000000
255.000000
255.000000
255.000000
255.000000
255.000000
177.000000
26.000000
1.000000
9.000000
36.000000
69.000000
80.000000
4.000000
0.000000
21.000000
159.000000
255.000000
255.000000
255.000000
255.000000
255.000000
242.000000
194.000000
194.000000
236.000000
255.000000
255.000000
255.000000
67.000000
0.000000
0.000000
0.000000
218.000000
255.000000
255.000000
255.000000
255.000000
255.000000
255.000000
255.000000
255.000000
255.000000
255.000000
183.000000
0.000000
0.000000
0.000000
14.000000
230.000000
255.000000
255.000000
255.000000
255.000000
255.000000
255.000000
255.000000
255.000000
255.000000
243.000000
28.000000
0.000000
0.000000
0.000000
115.000000
255.000000
255.000000
255.000000
255.000000
255.000000
255.000000
255.000000
255.000000
255.000000
255.000000
80.000000
0.000000
0.000000
0.000000
53.000000
246.000000
255.000000
255.000000
255.000000
255.000000
255.000000
255.000000
255.000000
255.000000
255.000000
147.000000
0.000000
0.000000
0.000000
37.000000
238.000000
255.000000
255.000000
255.000000
255.000000
255.000000
255.000000
255.000000
255.000000
255.000000
202.000000
1.000000
0.000000
0.000000
30.000000
230.000000
255.000000
255.000000
254.000000
255.000000
255.000000
255.000000
255.000000
255.000000
255.000000
245.000000
33.000000
0.000000
0.000000
21.000000
226.000000
255.000000
255.000000
255.000000
254.000000
255.000000
255.000000
255.000000
255.000000
255.000000
255.000000
89.000000
0.000000
0.000000
12.000000
210.000000
255.000000
255.000000
255.000000
255.000000
255.000000
255.000000
255.000000
255.000000
255.000000
255.000000
182.000000
0.000000
0.000000
0.000000
167.000000
255.000000
255.000000
255.000000
255.000000
255.000000
253.000000
254.000000
255.000000
255.000000
255.000000
245.000000
45.000000
0.000000
0.000000
86.000000
255.000000
255.000000
255.000000
255.000000
255.000000
255.000000
254.000000
254.000000
255.000000
255.000000
255.000000
180.000000
0.000000
0.000000
40.000000
243.000000
255.000000
255.000000
255.000000
255.000000
255.000000
255.000000
255.000000
255.000000
255.000000
255.000000
255.000000
155.000000
0.000000
12.000000
225.000000
255.000000
255.000000
255.000000
255.000000
255.000000
255.000000
254.000000
253.000000
255.000000
255.000000
255.000000
255.000000
188.000000
5.000000
151.000000
255.000000
255.000000
255.000000
255.000000
255.000000
254.000000
255.000000
253.000000
251.000000
254.000000
255.000000
255.000000
255.000000
253.000000
228.000000
255.000000
255.000000
255.000000
255.000000
255.000000
255.000000
254.000000
254.000000
255.000000
255.000000
255.000000
255.000000
255.000000
