255.000000
255.000000
255.000000
255.000000
255.000000
255.000000
241.000000
136.000000
58.000000
23.000000
27.000000
80.000000
188.000000
255.000000
255.000000
255.000000
255.000000
254.000000
254.000000
255.000000
255.000000
168.000000
38.000000
0.000000
0.000000
0.000000
0.000000
0.000000
4.000000
157.000000
255.000000
255.000000
255.000000
254.000000
255.000000
255.000000
123.000000
0.000000
0.000000
0.000000
0.000000
0.000000
0.000000
0.000000
0.000000
0.000000
199.000000
255.000000
255.000000
255.000000
255.000000
114.000000
0.000000
0.000000
0.000000
0.000000
0.000000
0.000000
8.000000
0.000000
0.000000
0.000000
103.000000
255.000000
255.000000
255.000000
151.000000
0.000000
0.000000
0.000000
0.000000
0.000000
0.000000
119.000000
151.000000
0.000000
0.000000
0.000000
84.000000
255.000000
255.000000
210.000000
4.000000
0.000000
0.000000
0.000000
0.000000
0.000000
123.000000
255.000000
154.000000
0.000000
0.000000
0.000000
108.000000
255.000000
243.000000
53.000000
0.000000
0.000000
0.000000
0.000000
0.000000
139.000000
255.000000
255.000000
48.000000
0.000000
0.000000
0.000000
170.000000
255.000000
232.000000
11.000000
0.000000
0.000000
0.000000
0.000000
132.000000
255.000000
255.000000
195.000000
0.000000
0.000000
0.000000
19.000000
230.000000
255.000000
255.000000
186.000000
41.000000
2.000000
18.000000
110.000000
255.000000
255.000000
255.000000
124.000000
0.000000
0.000000
0.000000
85.000000
255.000000
255.000000
255.000000
255.000000
239.000000
197.000000
220.000000
255.000000
255.000000
255.000000
251.000000
57.000000
0.000000
0.000000
0.000000
165.000000
255.000000
255.000000
255.000000
255.000000
255.000000
255.000000
255.000000
255.000000
255.000000
255.000000
213.000000
2.000000
0.000000
0.000000
31.000000
239.000000
255.000000
255.000000
255.000000
255.000000
255.000000
255.000000
255.000000
255.000000
255.000000
255.000000
159.000000
0.000000
0.000000
0.000000
119.000000
255.000000
255.000000
255.000000
255.000000
255.000000
255.000000
255.000000
255.000000
255.000000
255.000000
255.000000
119.000000
0.000000
0.000000
9.000000
218.000000
255.000000
255.000000
255.000000
255.000000
255.000000
255.000000
255.000000
255.000000
254.000000
255.000000
255.000000
110.000000
0.000000
0.000000
129.000000
255.000000
255.000000
255.000000
255.000000
255.000000
255.000000
255.000000
255.000000
255.000000
255.000000
255.000000
255.000000
172.000000
9.000000
73.000000
250.000000
255.000000
255.000000
255.000000
255.000000
255.000000
255.000000
255.000000
255.000000
255.000000
255.000000
255.000000
255.000000
255.000000
208.000000
248.000000
255.000000
255.000000
255.000000
255.000000
255.000000
