253.000000
255.000000
255.000000
255.000000
255.000000
255.000000
255.000000
241.000000
212.000000
182.000000
152.000000
140.000000
204.000000
255.000000
255.000000
252.000000
255.000000
255.000000
228.000000
181.000000
132.000000
114.000000
79.000000
41.000000
9.000000
0.000000
0.000000
0.000000
3.000000
82.000000
201.000000
255.000000
124.000000
71.000000
23.000000
0.000000
0.000000
0.000000
0.000000
0.000000
0.000000
0.000000
8.000000
19.000000
12.000000
0.000000
65.000000
255.000000
63.000000
0.000000
3.000000
0.000000
0.000000
15.000000
46.000000
80.000000
159.000000
202.000000
173.000000
12.000000
12.000000
0.000000
97.000000
255.000000
188.000000
13.000000
0.000000
40.000000
165.000000
218.000000
255.000000
255.000000
255.000000
255.000000
208.000000
3.000000
13.000000
0.000000
73.000000
254.000000
255.000000
219.000000
161.000000
237.000000
255.000000
255.000000
255.000000
255.000000
250.000000
255.000000
139.000000
0.000000
21.000000
0.000000
69.000000
254.000000
252.000000
255.000000
255.000000
255.000000
252.000000
251.000000
252.000000
254.000000
254.000000
255.000000
98.000000
0.000000
21.000000
0.000000
127.000000
255.000000
255.000000
255.000000
254.000000
255.000000
255.000000
255.000000
254.000000
252.000000
255.000000
240.000000
26.000000
3.000000
20.000000
0.000000
148.000000
255.000000
255.000000
255.000000
255.000000
255.000000
255.000000
255.000000
254.000000
252.000000
255.000000
188.000000
0.000000
15.000000
14.000000
0.000000
174.000000
255.000000
255.000000
255.000000
255.000000
255.000000
255.000000
255.000000
255.000000
255.000000
255.000000
113.000000
0.000000
22.000000
0.000000
27.000000
241.000000
255.000000
255.000000
255.000000
255.000000
255.000000
255.000000
255.000000
254.000000
255.000000
254.000000
49.000000
0.000000
23.000000
0.000000
64.000000
255.000000
255.000000
255.000000
255.000000
255.000000
255.000000
255.000000
255.000000
253.000000
255.000000
240.000000
23.000000
2.000000
21.000000
0.000000
105.000000
255.000000
252.000000
255.000000
255.000000
255.000000
255.000000
255.000000
255.000000
254.000000
255.000000
223.000000
16.000000
6.000000
19.000000
0.000000
157.000000
255.000000
247.000000
255.000000
255.000000
255.000000
255.000000
255.000000
255.000000
253.000000
255.000000
223.000000
5.000000
6.000000
15.000000
0.000000
176.000000
255.000000
252.000000
255.000000
255.000000
255.000000
255.000000
255.000000
255.000000
253.000000
253.000000
255.000000
74.000000
0.000000
0.000000
23.000000
242.000000
255.000000
255.000000
255.000000
255.000000
255.000000
255.000000
255.000000
255.000000
254.000000
251.000000
254.000000
228.000000
91.000000
2.000000
110.000000
255.000000
252.000000
255.000000
