253.000000
253.000000
252.000000
255.000000
255.000000
255.000000
255.000000
254.000000
254.000000
254.000000
254.000000
254.000000
254.000000
254.000000
254.000000
254.000000
253.000000
254.000000
255.000000
239.000000
242.000000
255.000000
255.000000
255.000000
255.000000
255.000000
254.000000
254.000000
254.000000
254.000000
254.000000
254.000000
254.000000
255.000000
198.000000
29.000000
35.000000
76.000000
99.000000
160.000000
213.000000
255.000000
255.000000
255.000000
251.000000
252.000000
253.000000
254.000000
255.000000
206.000000
13.000000
0.000000
0.000000
0.000000
0.000000
0.000000
3.000000
64.000000
153.000000
255.000000
255.000000
252.000000
252.000000
254.000000
255.000000
81.000000
0.000000
1.000000
1.000000
0.000000
1.000000
0.000000
0.000000
0.000000
0.000000
55.000000
214.000000
255.000000
253.000000
253.000000
255.000000
82.000000
0.000000
0.000000
0.000000
0.000000
0.000000
0.000000
0.000000
0.000000
0.000000
0.000000
19.000000
235.000000
255.000000
252.000000
254.000000
212.000000
56.000000
31.000000
70.000000
88.000000
69.000000
70.000000
61.000000
7.000000
0.000000
0.000000
0.000000
91.000000
255.000000
255.000000
252.000000
255.000000
255.000000
245.000000
255.000000
255.000000
255.000000
255.000000
255.000000
212.000000
77.000000
0.000000
0.000000
6.000000
224.000000
255.000000
252.000000
252.000000
255.000000
255.000000
255.000000
255.000000
255.000000
255.000000
255.000000
255.000000
255.000000
59.000000
0.000000
0.000000
182.000000
255.000000
253.000000
253.000000
254.000000
254.000000
254.000000
253.000000
254.000000
254.000000
254.000000
255.000000
255.000000
147.000000
0.000000
0.000000
157.000000
255.000000
254.000000
254.000000
254.000000
254.000000
254.000000
254.000000
254.000000
254.000000
253.000000
253.000000
255.000000
188.000000
0.000000
0.000000
135.000000
255.000000
254.000000
254.000000
254.000000
254.000000
254.000000
254.000000
254.000000
254.000000
253.000000
254.000000
255.000000
167.000000
0.000000
0.000000
124.000000
255.000000
254.000000
254.000000
254.000000
254.000000
254.000000
254.000000
254.000000
254.000000
253.000000
255.000000
255.000000
95.000000
0.000000
0.000000
146.000000
255.000000
254.000000
254.000000
254.000000
254.000000
254.000000
254.000000
254.000000
254.000000
253.000000
255.000000
232.000000
16.000000
0.000000
0.000000
106.000000
255.000000
254.000000
254.000000
254.000000
254.000000
254.000000
254.000000
254.000000
254.000000
253.000000
255.000000
239.000000
31.000000
0.000000
0.000000
168.000000
255.000000
254.000000
254.000000
254.000000
254.000000
254.000000
254.000000
254.000000
254.000000
253.000000
255.000000
255.000000
102.000000
63.000000
183.000000
255.000000
254.000000
