252.000000
253.000000
255.000000
255.000000
255.000000
255.000000
255.000000
254.000000
252.000000
253.000000
253.000000
254.000000
253.000000
253.000000
253.000000
251.000000
252.000000
255.000000
211.000000
84.000000
121.000000
195.000000
245.000000
255.000000
255.000000
252.000000
253.000000
253.000000
253.000000
253.000000
254.000000
252.000000
255.000000
219.000000
31.000000
0.000000
0.000000
0.000000
38.000000
118.000000
226.000000
255.000000
255.000000
251.000000
253.000000
253.000000
252.000000
251.000000
255.000000
147.000000
0.000000
0.000000
0.000000
0.000000
0.000000
0.000000
19.000000
163.000000
255.000000
255.000000
253.000000
253.000000
247.000000
251.000000
255.000000
235.000000
40.000000
0.000000
0.000000
0.000000
2.000000
1.000000
0.000000
0.000000
92.000000
251.000000
255.000000
251.000000
249.000000
252.000000
252.000000
255.000000
221.000000
67.000000
0.000000
0.000000
0.000000
0.000000
0.000000
0.000000
0.000000
71.000000
251.000000
255.000000
252.000000
253.000000
251.000000
251.000000
255.000000
255.000000
210.000000
115.000000
14.000000
0.000000
0.000000
4.000000
0.000000
0.000000
106.000000
255.000000
255.000000
252.000000
253.000000
253.000000
252.000000
255.000000
255.000000
255.000000
223.000000
99.000000
0.000000
0.000000
2.000000
0.000000
39.000000
255.000000
255.000000
250.000000
253.000000
252.000000
254.000000
253.000000
251.000000
255.000000
255.000000
255.000000
71.000000
0.000000
0.000000
0.000000
20.000000
206.000000
255.000000
253.000000
252.000000
253.000000
254.000000
252.000000
253.000000
253.000000
255.000000
255.000000
79.000000
0.000000
0.000000
0.000000
0.000000
105.000000
255.000000
255.000000
253.000000
253.000000
253.000000
252.000000
252.000000
253.000000
255.000000
245.000000
24.000000
0.000000
0.000000
0.000000
0.000000
184.000000
255.000000
254.000000
253.000000
253.000000
253.000000
253.000000
253.000000
253.000000
255.000000
248.000000
37.000000
0.000000
0.000000
0.000000
121.000000
255.000000
254.000000
253.000000
253.000000
253.000000
253.000000
253.000000
253.000000
254.000000
254.000000
255.000000
153.000000
0.000000
0.000000
66.000000
255.000000
255.000000
251.000000
253.000000
253.000000
253.000000
253.000000
253.000000
254.000000
254.000000
253.000000
255.000000
248.000000
76.000000
53.000000
228.000000
255.000000
253.000000
254.000000
253.000000
253.000000
253.000000
253.000000
253.000000
254.000000
254.000000
253.000000
253.000000
255.000000
255.000000
252.000000
255.000000
254.000000
253.000000
254.000000
253.000000
254.000000
253.000000
253.000000
254.000000
254.000000
254.000000
254.000000
253.000000
252.000000
255.000000
255.000000
254.000000
252.000000
252.000000
252.000000
253.000000
