235.000000
235.000000
235.000000
234.000000
231.000000
251.000000
255.000000
239.000000
140.000000
47.000000
0.000000
9.000000
16.000000
103.000000
242.000000
243.000000
235.000000
235.000000
233.000000
233.000000
255.000000
233.000000
117.000000
19.000000
52.000000
99.000000
104.000000
6.000000
0.000000
0.000000
144.000000
255.000000
235.000000
234.000000
233.000000
255.000000
188.000000
14.000000
0.000000
163.000000
255.000000
255.000000
234.000000
17.000000
0.000000
0.000000
169.000000
255.000000
235.000000
233.000000
253.000000
183.000000
0.000000
0.000000
188.000000
255.000000
255.000000
222.000000
21.000000
0.000000
0.000000
56.000000
251.000000
245.000000
235.000000
233.000000
255.000000
169.000000
0.000000
98.000000
255.000000
255.000000
208.000000
22.000000
0.000000
0.000000
41.000000
239.000000
252.000000
230.000000
235.000000
235.000000
233.000000
254.000000
215.000000
240.000000
255.000000
173.000000
4.000000
0.000000
0.000000
44.000000
240.000000
255.000000
229.000000
235.000000
235.000000
235.000000
234.000000
229.000000
255.000000
255.000000
167.000000
0.000000
0.000000
0.000000
11.000000
233.000000
255.000000
229.000000
235.000000
235.000000
235.000000
235.000000
231.000000
240.000000
255.000000
152.000000
0.000000
0.000000
0.000000
0.000000
175.000000
255.000000
232.000000
235.000000
235.000000
235.000000
235.000000
231.000000
241.000000
255.000000
141.000000
0.000000
0.000000
0.000000
0.000000
111.000000
255.000000
237.000000
232.000000
235.000000
235.000000
235.000000
231.000000
241.000000
255.000000
141.000000
0.000000
0.000000
0.000000
0.000000
41.000000
255.000000
249.000000
230.000000
235.000000
235.000000
235.000000
235.000000
241.000000
255.000000
125.000000
0.000000
0.000000
0.000000
0.000000
0.000000
210.000000
255.000000
229.000000
235.000000
235.000000
235.000000
235.000000
235.000000
255.000000
122.000000
0.000000
0.000000
0.000000
0.000000
0.000000
132.000000
255.000000
235.000000
234.000000
235.000000
235.000000
235.000000
235.000000
235.000000
195.000000
0.000000
0.000000
0.000000
0.000000
0.000000
25.000000
253.000000
252.000000
230.000000
235.000000
235.000000
235.000000
235.000000
235.000000
235.000000
141.000000
0.000000
0.000000
0.000000
0.000000
0.000000
149.000000
255.000000
232.000000
235.000000
235.000000
235.000000
235.000000
235.000000
235.000000
235.000000
22.000000
0.000000
0.000000
0.000000
0.000000
53.000000
249.000000
246.000000
231.000000
235.000000
235.000000
235.000000
235.000000
235.000000
236.000000
235.000000
109.000000
144.000000
106.000000
70.000000
102.000000
251.000000
253.000000
230.000000
235.000000
235.000000
235.000000
234.000000
234.000000
234.000000
234.000000
233.000000
