230.000000
230.000000
226.000000
247.000000
255.000000
255.000000
243.000000
240.000000
235.000000
227.000000
240.000000
255.000000
255.000000
255.000000
255.000000
228.000000
230.000000
235.000000
255.000000
234.000000
157.000000
103.000000
48.000000
37.000000
27.000000
18.000000
47.000000
86.000000
80.000000
83.000000
153.000000
245.000000
236.000000
255.000000
178.000000
29.000000
0.000000
0.000000
0.000000
0.000000
0.000000
0.000000
0.000000
0.000000
0.000000
0.000000
63.000000
255.000000
255.000000
147.000000
0.000000
0.000000
0.000000
0.000000
0.000000
31.000000
24.000000
1.000000
0.000000
0.000000
0.000000
0.000000
74.000000
255.000000
190.000000
0.000000
0.000000
0.000000
17.000000
127.000000
220.000000
196.000000
36.000000
0.000000
0.000000
2.000000
0.000000
0.000000
109.000000
255.000000
37.000000
0.000000
0.000000
93.000000
244.000000
230.000000
115.000000
0.000000
0.000000
72.000000
9.000000
2.000000
0.000000
0.000000
189.000000
255.000000
13.000000
0.000000
11.000000
151.000000
104.000000
0.000000
0.000000
58.000000
209.000000
255.000000
52.000000
0.000000
1.000000
0.000000
163.000000
255.000000
85.000000
0.000000
1.000000
0.000000
0.000000
0.000000
150.000000
255.000000
253.000000
255.000000
155.000000
0.000000
1.000000
0.000000
83.000000
255.000000
209.000000
17.000000
0.000000
0.000000
76.000000
207.000000
255.000000
236.000000
225.000000
238.000000
255.000000
52.000000
0.000000
0.000000
8.000000
206.000000
255.000000
219.000000
170.000000
214.000000
255.000000
255.000000
228.000000
228.000000
231.000000
224.000000
255.000000
193.000000
1.000000
0.000000
0.000000
140.000000
237.000000
255.000000
255.000000
255.000000
239.000000
228.000000
232.000000
227.000000
229.000000
233.000000
253.000000
220.000000
6.000000
0.000000
0.000000
93.000000
241.000000
235.000000
235.000000
234.000000
236.000000
240.000000
238.000000
225.000000
229.000000
235.000000
254.000000
180.000000
0.000000
0.000000
0.000000
121.000000
239.000000
236.000000
238.000000
239.000000
240.000000
241.000000
240.000000
231.000000
230.000000
233.000000
255.000000
139.000000
0.000000
0.000000
30.000000
238.000000
238.000000
237.000000
237.000000
241.000000
239.000000
238.000000
238.000000
221.000000
229.000000
237.000000
255.000000
160.000000
0.000000
88.000000
227.000000
249.000000
238.000000
239.000000
235.000000
238.000000
238.000000
238.000000
241.000000
215.000000
222.000000
232.000000
244.000000
160.000000
159.000000
255.000000
240.000000
231.000000
250.000000
250.000000
249.000000
250.000000
249.000000
250.000000
253.000000
244.000000
245.000000
246.000000
245.000000
249.000000
255.000000
245.000000
238.000000
255.000000
