225.000000
217.000000
238.000000
255.000000
254.000000
246.000000
239.000000
227.000000
222.000000
225.000000
227.000000
226.000000
226.000000
227.000000
228.000000
229.000000
225.000000
239.000000
164.000000
114.000000
150.000000
193.000000
216.000000
245.000000
255.000000
247.000000
229.000000
221.000000
226.000000
228.000000
227.000000
227.000000
220.000000
255.000000
96.000000
0.000000
0.000000
4.000000
16.000000
75.000000
135.000000
186.000000
239.000000
255.000000
228.000000
221.000000
226.000000
228.000000
217.000000
235.000000
219.000000
24.000000
0.000000
0.000000
0.000000
0.000000
0.000000
1.000000
57.000000
157.000000
248.000000
249.000000
216.000000
222.000000
220.000000
211.000000
245.000000
212.000000
84.000000
19.000000
0.000000
0.000000
5.000000
7.000000
0.000000
0.000000
66.000000
197.000000
246.000000
218.000000
218.000000
216.000000
212.000000
243.000000
250.000000
219.000000
161.000000
80.000000
0.000000
0.000000
17.000000
10.000000
0.000000
0.000000
187.000000
238.000000
216.000000
215.000000
216.000000
215.000000
219.000000
228.000000
245.000000
253.000000
184.000000
18.000000
1.000000
13.000000
0.000000
0.000000
163.000000
233.000000
212.000000
213.000000
212.000000
214.000000
216.000000
217.000000
211.000000
210.000000
255.000000
165.000000
0.000000
2.000000
6.000000
147.000000
235.000000
207.000000
212.000000
212.000000
213.000000
214.000000
215.000000
213.000000
213.000000
208.000000
222.000000
236.000000
38.000000
0.000000
53.000000
234.000000
219.000000
207.000000
213.000000
212.000000
214.000000
214.000000
213.000000
211.000000
209.000000
210.000000
218.000000
227.000000
47.000000
0.000000
71.000000
228.000000
214.000000
207.000000
212.000000
211.000000
212.000000
212.000000
211.000000
211.000000
209.000000
209.000000
224.000000
213.000000
30.000000
0.000000
39.000000
214.000000
220.000000
205.000000
215.000000
212.000000
211.000000
211.000000
211.000000
211.000000
209.000000
206.000000
233.000000
186.000000
5.000000
0.000000
1.000000
184.000000
232.000000
203.000000
219.000000
219.000000
219.000000
213.000000
211.000000
210.000000
209.000000
205.000000
241.000000
137.000000
0.000000
4.000000
0.000000
144.000000
243.000000
206.000000
217.000000
214.000000
212.000000
211.000000
211.000000
211.000000
211.000000
208.000000
246.000000
105.000000
0.000000
0.000000
0.000000
143.000000
246.000000
199.000000
215.000000
208.000000
205.000000
208.000000
210.000000
212.000000
211.000000
216.000000
227.000000
77.000000
18.000000
44.000000
100.000000
217.000000
211.000000
212.000000
221.000000
216.000000
211.000000
212.000000
214.000000
216.000000
218.000000
220.000000
213.000000
193.000000
209.000000
226.000000
240.000000
223.000000
212.000000
178.000000
