255.000000
255.000000
255.000000
255.000000
255.000000
255.000000
255.000000
255.000000
255.000000
255.000000
255.000000
255.000000
255.000000
255.000000
255.000000
255.000000
202.000000
248.000000
255.000000
255.000000
248.000000
236.000000
235.000000
237.000000
239.000000
241.000000
239.000000
240.000000
238.000000
246.000000
255.000000
255.000000
77.000000
19.000000
107.000000
177.000000
221.000000
254.000000
254.000000
230.000000
224.000000
226.000000
228.000000
231.000000
223.000000
236.000000
255.000000
255.000000
225.000000
5.000000
0.000000
0.000000
22.000000
98.000000
183.000000
252.000000
255.000000
237.000000
224.000000
228.000000
240.000000
187.000000
217.000000
255.000000
255.000000
222.000000
27.000000
0.000000
0.000000
0.000000
0.000000
62.000000
157.000000
243.000000
255.000000
227.000000
231.000000
191.000000
219.000000
255.000000
225.000000
255.000000
207.000000
18.000000
0.000000
0.000000
12.000000
0.000000
0.000000
46.000000
177.000000
255.000000
235.000000
222.000000
255.000000
255.000000
229.000000
231.000000
254.000000
221.000000
159.000000
32.000000
0.000000
16.000000
13.000000
0.000000
0.000000
86.000000
231.000000
233.000000
244.000000
255.000000
230.000000
229.000000
225.000000
243.000000
255.000000
235.000000
59.000000
0.000000
15.000000
17.000000
9.000000
0.000000
51.000000
231.000000
253.000000
255.000000
229.000000
230.000000
229.000000
228.000000
217.000000
255.000000
133.000000
0.000000
12.000000
13.000000
15.000000
9.000000
0.000000
149.000000
255.000000
255.000000
230.000000
232.000000
231.000000
230.000000
235.000000
252.000000
66.000000
0.000000
12.000000
13.000000
13.000000
15.000000
0.000000
112.000000
255.000000
255.000000
232.000000
231.000000
231.000000
226.000000
254.000000
205.000000
2.000000
1.000000
15.000000
6.000000
4.000000
0.000000
0.000000
139.000000
255.000000
255.000000
231.000000
230.000000
230.000000
225.000000
255.000000
130.000000
0.000000
0.000000
0.000000
0.000000
2.000000
8.000000
84.000000
209.000000
251.000000
255.000000
232.000000
231.000000
230.000000
244.000000
245.000000
26.000000
0.000000
2.000000
78.000000
167.000000
167.000000
204.000000
247.000000
221.000000
243.000000
255.000000
231.000000
230.000000
229.000000
255.000000
165.000000
0.000000
116.000000
208.000000
254.000000
255.000000
244.000000
239.000000
220.000000
214.000000
247.000000
255.000000
230.000000
227.000000
229.000000
240.000000
105.000000
145.000000
255.000000
254.000000
234.000000
223.000000
224.000000
224.000000
219.000000
216.000000
247.000000
255.000000
227.000000
223.000000
223.000000
222.000000
223.000000
254.000000
231.000000
227.000000
230.000000
228.000000
225.000000
227.000000
223.000000
215.000000
245.000000
255.000000
