255.000000
255.000000
255.000000
255.000000
255.000000
255.000000
255.000000
255.000000
207.000000
108.000000
23.000000
1.000000
0.000000
124.000000
255.000000
255.000000
255.000000
255.000000
255.000000
255.000000
255.000000
255.000000
193.000000
136.000000
60.000000
5.000000
70.000000
2.000000
0.000000
0.000000
146.000000
223.000000
254.000000
255.000000
255.000000
255.000000
194.000000
89.000000
97.000000
188.000000
171.000000
89.000000
60.000000
0.000000
0.000000
0.000000
0.000000
107.000000
255.000000
255.000000
188.000000
75.000000
0.000000
0.000000
106.000000
78.000000
104.000000
113.000000
0.000000
0.000000
0.000000
0.000000
0.000000
127.000000
186.000000
72.000000
0.000000
0.000000
0.000000
0.000000
11.000000
90.000000
255.000000
106.000000
0.000000
1.000000
0.000000
0.000000
32.000000
249.000000
0.000000
0.000000
0.000000
0.000000
100.000000
188.000000
252.000000
255.000000
118.000000
0.000000
1.000000
2.000000
0.000000
0.000000
190.000000
255.000000
82.000000
5.000000
64.000000
209.000000
255.000000
255.000000
255.000000
169.000000
0.000000
0.000000
0.000000
0.000000
0.000000
137.000000
255.000000
254.000000
255.000000
224.000000
255.000000
255.000000
255.000000
255.000000
229.000000
6.000000
0.000000
0.000000
4.000000
0.000000
61.000000
255.000000
255.000000
255.000000
255.000000
255.000000
255.000000
252.000000
255.000000
255.000000
89.000000
0.000000
0.000000
0.000000
18.000000
25.000000
222.000000
255.000000
255.000000
255.000000
255.000000
255.000000
255.000000
255.000000
255.000000
176.000000
0.000000
0.000000
21.000000
45.000000
0.000000
162.000000
255.000000
253.000000
255.000000
255.000000
255.000000
255.000000
255.000000
255.000000
245.000000
13.000000
0.000000
0.000000
0.000000
16.000000
171.000000
255.000000
255.000000
254.000000
255.000000
255.000000
255.000000
254.000000
255.000000
255.000000
91.000000
0.000000
0.000000
8.000000
43.000000
130.000000
255.000000
255.000000
255.000000
255.000000
255.000000
255.000000
255.000000
254.000000
255.000000
142.000000
0.000000
0.000000
4.000000
30.000000
134.000000
255.000000
255.000000
253.000000
255.000000
255.000000
255.000000
255.000000
255.000000
255.000000
236.000000
3.000000
0.000000
1.000000
8.000000
67.000000
218.000000
255.000000
251.000000
254.000000
255.000000
255.000000
255.000000
255.000000
255.000000
255.000000
220.000000
0.000000
0.000000
0.000000
9.000000
179.000000
255.000000
254.000000
255.000000
255.000000
255.000000
255.000000
255.000000
255.000000
255.000000
254.000000
255.000000
170.000000
98.000000
78.000000
168.000000
255.000000
255.000000
254.000000
255.000000
255.000000
255.000000
255.000000
255.000000
255.000000
