255.000000
255.000000
255.000000
233.000000
179.000000
132.000000
133.000000
124.000000
105.000000
95.000000
91.000000
82.000000
86.000000
139.000000
255.000000
255.000000
255.000000
255.000000
255.000000
90.000000
0.000000
0.000000
0.000000
0.000000
0.000000
0.000000
0.000000
0.000000
0.000000
0.000000
98.000000
253.000000
255.000000
255.000000
255.000000
230.000000
164.000000
153.000000
171.000000
151.000000
115.000000
121.000000
94.000000
0.000000
0.000000
0.000000
0.000000
185.000000
255.000000
255.000000
255.000000
255.000000
255.000000
255.000000
255.000000
255.000000
255.000000
255.000000
255.000000
14.000000
0.000000
0.000000
0.000000
98.000000
255.000000
255.000000
255.000000
255.000000
255.000000
255.000000
255.000000
255.000000
255.000000
255.000000
221.000000
7.000000
0.000000
0.000000
0.000000
88.000000
255.000000
255.000000
255.000000
255.000000
255.000000
255.000000
255.000000
255.000000
255.000000
255.000000
99.000000
0.000000
0.000000
0.000000
0.000000
211.000000
255.000000
255.000000
255.000000
255.000000
255.000000
255.000000
255.000000
255.000000
255.000000
168.000000
0.000000
0.000000
0.000000
0.000000
64.000000
255.000000
255.000000
255.000000
255.000000
255.000000
255.000000
255.000000
255.000000
255.000000
200.000000
2.000000
0.000000
0.000000
0.000000
0.000000
174.000000
255.000000
255.000000
255.000000
255.000000
255.000000
255.000000
255.000000
255.000000
240.000000
12.000000
0.000000
0.000000
0.000000
0.000000
29.000000
255.000000
255.000000
255.000000
255.000000
255.000000
255.000000
255.000000
255.000000
255.000000
67.000000
0.000000
0.000000
0.000000
0.000000
0.000000
168.000000
255.000000
255.000000
255.000000
255.000000
255.000000
255.000000
255.000000
255.000000
115.000000
0.000000
0.000000
0.000000
0.000000
0.000000
40.000000
255.000000
255.000000
255.000000
255.000000
255.000000
255.000000
255.000000
255.000000
131.000000
0.000000
0.000000
0.000000
0.000000
0.000000
4.000000
214.000000
255.000000
255.000000
255.000000
255.000000
255.000000
255.000000
253.000000
144.000000
0.000000
0.000000
0.000000
0.000000
0.000000
0.000000
173.000000
255.000000
255.000000
255.000000
255.000000
236.000000
137.000000
68.000000
33.000000
0.000000
0.000000
0.000000
0.000000
0.000000
23.000000
162.000000
255.000000
255.000000
255.000000
255.000000
255.000000
79.000000
0.000000
0.000000
0.000000
0.000000
0.000000
0.000000
8.000000
107.000000
239.000000
255.000000
255.000000
255.000000
255.000000
255.000000
255.000000
182.000000
95.000000
13.000000
0.000000
23.000000
102.000000
155.000000
233.000000
255.000000
255.000000
255.000000
255.000000
255.000000
255.000000
255.000000
255.000000
