255.000000
255.000000
255.000000
255.000000
255.000000
255.000000
255.000000
255.000000
255.000000
255.000000
235.000000
200.000000
218.000000
255.000000
255.000000
255.000000
255.000000
255.000000
255.000000
255.000000
255.000000
255.000000
255.000000
255.000000
238.000000
131.000000
31.000000
0.000000
9.000000
149.000000
255.000000
255.000000
255.000000
255.000000
255.000000
255.000000
255.000000
255.000000
255.000000
137.000000
29.000000
0.000000
0.000000
0.000000
0.000000
0.000000
217.000000
255.000000
255.000000
255.000000
255.000000
255.000000
255.000000
185.000000
53.000000
0.000000
0.000000
0.000000
0.000000
2.000000
0.000000
0.000000
122.000000
255.000000
255.000000
255.000000
255.000000
242.000000
97.000000
0.000000
0.000000
0.000000
0.000000
15.000000
76.000000
1.000000
0.000000
0.000000
81.000000
255.000000
255.000000
255.000000
201.000000
37.000000
0.000000
0.000000
0.000000
0.000000
33.000000
214.000000
188.000000
0.000000
0.000000
0.000000
83.000000
255.000000
255.000000
170.000000
0.000000
0.000000
0.000000
0.000000
0.000000
65.000000
236.000000
255.000000
129.000000
0.000000
0.000000
0.000000
83.000000
255.000000
179.000000
0.000000
0.000000
0.000000
0.000000
0.000000
65.000000
255.000000
255.000000
255.000000
101.000000
0.000000
0.000000
0.000000
86.000000
255.000000
46.000000
0.000000
0.000000
0.000000
0.000000
18.000000
238.000000
255.000000
255.000000
255.000000
77.000000
0.000000
0.000000
0.000000
131.000000
255.000000
137.000000
0.000000
0.000000
0.000000
0.000000
124.000000
255.000000
255.000000
255.000000
255.000000
63.000000
0.000000
0.000000
0.000000
204.000000
255.000000
255.000000
77.000000
0.000000
0.000000
0.000000
207.000000
255.000000
255.000000
255.000000
255.000000
55.000000
0.000000
0.000000
51.000000
255.000000
255.000000
255.000000
248.000000
65.000000
0.000000
75.000000
255.000000
255.000000
255.000000
255.000000
255.000000
62.000000
0.000000
0.000000
182.000000
255.000000
255.000000
255.000000
255.000000
252.000000
183.000000
243.000000
255.000000
255.000000
255.000000
255.000000
255.000000
128.000000
0.000000
77.000000
255.000000
255.000000
255.000000
255.000000
255.000000
255.000000
255.000000
255.000000
255.000000
255.000000
255.000000
255.000000
255.000000
238.000000
146.000000
240.000000
255.000000
255.000000
255.000000
255.000000
255.000000
255.000000
255.000000
255.000000
255.000000
255.000000
255.000000
255.000000
255.000000
255.000000
255.000000
255.000000
255.000000
255.000000
255.000000
255.000000
255.000000
255.000000
255.000000
255.000000
255.000000
255.000000
255.000000
255.000000
255.000000
255.000000
255.000000
255.000000
255.000000
255.000000
255.000000
