253.000000
255.000000
255.000000
255.000000
255.000000
203.000000
53.000000
238.000000
255.000000
255.000000
255.000000
255.000000
255.000000
254.000000
253.000000
253.000000
255.000000
255.000000
255.000000
189.000000
109.000000
76.000000
53.000000
113.000000
101.000000
101.000000
139.000000
158.000000
247.000000
255.000000
253.000000
253.000000
247.000000
151.000000
74.000000
16.000000
2.000000
12.000000
28.000000
10.000000
4.000000
5.000000
11.000000
0.000000
96.000000
255.000000
255.000000
253.000000
224.000000
7.000000
0.000000
29.000000
37.000000
37.000000
37.000000
35.000000
37.000000
36.000000
35.000000
20.000000
4.000000
206.000000
255.000000
253.000000
245.000000
50.000000
20.000000
38.000000
38.000000
37.000000
39.000000
37.000000
35.000000
36.000000
37.000000
40.000000
0.000000
114.000000
255.000000
255.000000
255.000000
81.000000
0.000000
30.000000
20.000000
13.000000
3.000000
4.000000
26.000000
39.000000
37.000000
38.000000
13.000000
58.000000
255.000000
255.000000
255.000000
200.000000
7.000000
1.000000
34.000000
68.000000
90.000000
115.000000
65.000000
21.000000
37.000000
36.000000
32.000000
13.000000
188.000000
255.000000
254.000000
255.000000
201.000000
176.000000
214.000000
246.000000
255.000000
255.000000
128.000000
0.000000
36.000000
36.000000
39.000000
1.000000
103.000000
255.000000
253.000000
255.000000
255.000000
255.000000
255.000000
255.000000
255.000000
255.000000
161.000000
4.000000
35.000000
36.000000
37.000000
21.000000
41.000000
234.000000
254.000000
254.000000
254.000000
254.000000
254.000000
254.000000
253.000000
255.000000
206.000000
16.000000
30.000000
36.000000
36.000000
25.000000
34.000000
222.000000
254.000000
254.000000
254.000000
254.000000
254.000000
254.000000
253.000000
255.000000
253.000000
62.000000
12.000000
38.000000
36.000000
24.000000
41.000000
227.000000
254.000000
254.000000
254.000000
254.000000
254.000000
254.000000
253.000000
255.000000
255.000000
131.000000
0.000000
36.000000
39.000000
25.000000
18.000000
220.000000
254.000000
254.000000
254.000000
255.000000
254.000000
254.000000
254.000000
254.000000
255.000000
231.000000
23.000000
0.000000
40.000000
8.000000
67.000000
242.000000
254.000000
255.000000
255.000000
255.000000
255.000000
255.000000
255.000000
254.000000
255.000000
255.000000
209.000000
92.000000
0.000000
5.000000
221.000000
255.000000
255.000000
255.000000
255.000000
255.000000
255.000000
255.000000
255.000000
255.000000
255.000000
254.000000
255.000000
240.000000
20.000000
116.000000
255.000000
255.000000
255.000000
255.000000
255.000000
255.000000
255.000000
255.000000
255.000000
255.000000
254.000000
254.000000
255.000000
255.000000
195.000000
248.000000
255.000000
254.000000
