251.000000
255.000000
255.000000
255.000000
255.000000
255.000000
255.000000
255.000000
255.000000
255.000000
255.000000
255.000000
255.000000
255.000000
255.000000
254.000000
254.000000
140.000000
140.000000
202.000000
187.000000
194.000000
214.000000
225.000000
221.000000
228.000000
251.000000
197.000000
96.000000
127.000000
216.000000
255.000000
241.000000
22.000000
0.000000
10.000000
3.000000
11.000000
21.000000
26.000000
22.000000
32.000000
55.000000
16.000000
0.000000
0.000000
81.000000
255.000000
243.000000
33.000000
0.000000
4.000000
0.000000
0.000000
0.000000
0.000000
0.000000
0.000000
0.000000
0.000000
30.000000
0.000000
82.000000
255.000000
255.000000
66.000000
0.000000
0.000000
19.000000
19.000000
26.000000
32.000000
44.000000
64.000000
70.000000
17.000000
11.000000
0.000000
102.000000
255.000000
255.000000
205.000000
107.000000
178.000000
221.000000
221.000000
227.000000
232.000000
244.000000
255.000000
255.000000
155.000000
0.000000
0.000000
118.000000
255.000000
254.000000
255.000000
255.000000
255.000000
255.000000
255.000000
255.000000
255.000000
255.000000
255.000000
255.000000
201.000000
0.000000
0.000000
185.000000
255.000000
254.000000
254.000000
255.000000
255.000000
255.000000
254.000000
254.000000
255.000000
254.000000
253.000000
255.000000
183.000000
0.000000
0.000000
197.000000
255.000000
254.000000
253.000000
253.000000
254.000000
254.000000
255.000000
255.000000
255.000000
254.000000
254.000000
255.000000
176.000000
0.000000
0.000000
203.000000
255.000000
254.000000
255.000000
255.000000
254.000000
255.000000
255.000000
255.000000
255.000000
255.000000
255.000000
255.000000
175.000000
0.000000
18.000000
235.000000
255.000000
255.000000
255.000000
255.000000
255.000000
255.000000
255.000000
255.000000
255.000000
255.000000
254.000000
255.000000
163.000000
0.000000
36.000000
248.000000
255.000000
255.000000
255.000000
255.000000
255.000000
255.000000
255.000000
255.000000
255.000000
255.000000
255.000000
255.000000
140.000000
0.000000
46.000000
252.000000
255.000000
255.000000
255.000000
255.000000
255.000000
255.000000
255.000000
255.000000
255.000000
255.000000
255.000000
255.000000
156.000000
0.000000
65.000000
255.000000
255.000000
255.000000
255.000000
255.000000
255.000000
255.000000
255.000000
255.000000
255.000000
255.000000
255.000000
255.000000
166.000000
0.000000
25.000000
239.000000
255.000000
255.000000
255.000000
255.000000
255.000000
255.000000
255.000000
255.000000
255.000000
255.000000
255.000000
255.000000
123.000000
0.000000
7.000000
229.000000
255.000000
255.000000
255.000000
255.000000
255.000000
255.000000
255.000000
255.000000
255.000000
255.000000
255.000000
255.000000
190.000000
132.000000
197.000000
255.000000
254.000000
