252.000000
253.000000
255.000000
255.000000
218.000000
125.000000
75.000000
58.000000
60.000000
56.000000
65.000000
106.000000
150.000000
234.000000
255.000000
253.000000
254.000000
255.000000
201.000000
93.000000
17.000000
0.000000
0.000000
0.000000
0.000000
0.000000
0.000000
0.000000
0.000000
33.000000
213.000000
255.000000
255.000000
180.000000
10.000000
0.000000
0.000000
5.000000
0.000000
0.000000
0.000000
0.000000
0.000000
0.000000
14.000000
0.000000
43.000000
247.000000
207.000000
0.000000
0.000000
22.000000
1.000000
0.000000
19.000000
59.000000
81.000000
92.000000
87.000000
39.000000
4.000000
2.000000
0.000000
187.000000
213.000000
0.000000
0.000000
0.000000
11.000000
142.000000
221.000000
255.000000
255.000000
255.000000
255.000000
247.000000
67.000000
0.000000
0.000000
180.000000
245.000000
28.000000
0.000000
0.000000
165.000000
255.000000
255.000000
255.000000
255.000000
255.000000
255.000000
255.000000
62.000000
0.000000
11.000000
234.000000
255.000000
58.000000
0.000000
122.000000
255.000000
255.000000
250.000000
249.000000
250.000000
249.000000
255.000000
187.000000
0.000000
0.000000
86.000000
255.000000
255.000000
198.000000
185.000000
255.000000
255.000000
250.000000
252.000000
254.000000
249.000000
255.000000
255.000000
58.000000
0.000000
0.000000
200.000000
255.000000
251.000000
255.000000
255.000000
251.000000
253.000000
251.000000
251.000000
253.000000
249.000000
255.000000
173.000000
0.000000
0.000000
57.000000
255.000000
255.000000
250.000000
249.000000
252.000000
253.000000
254.000000
252.000000
251.000000
252.000000
255.000000
231.000000
14.000000
0.000000
0.000000
190.000000
255.000000
254.000000
255.000000
255.000000
255.000000
255.000000
248.000000
249.000000
250.000000
255.000000
255.000000
62.000000
0.000000
0.000000
115.000000
255.000000
255.000000
255.000000
254.000000
255.000000
255.000000
254.000000
248.000000
249.000000
255.000000
240.000000
76.000000
0.000000
0.000000
84.000000
255.000000
255.000000
253.000000
255.000000
254.000000
255.000000
254.000000
255.000000
252.000000
254.000000
255.000000
62.000000
0.000000
0.000000
73.000000
251.000000
255.000000
250.000000
253.000000
255.000000
255.000000
255.000000
255.000000
255.000000
252.000000
255.000000
150.000000
0.000000
0.000000
100.000000
255.000000
255.000000
250.000000
252.000000
254.000000
255.000000
255.000000
255.000000
255.000000
255.000000
255.000000
228.000000
0.000000
0.000000
126.000000
255.000000
255.000000
252.000000
254.000000
253.000000
253.000000
255.000000
255.000000
255.000000
254.000000
254.000000
255.000000
217.000000
142.000000
207.000000
255.000000
255.000000
251.000000
254.000000
255.000000
255.000000
254.000000
255.000000
