252.000000
255.000000
255.000000
255.000000
255.000000
255.000000
255.000000
254.000000
252.000000
248.000000
252.000000
250.000000
240.000000
253.000000
255.000000
253.000000
255.000000
238.000000
159.000000
153.000000
125.000000
102.000000
80.000000
72.000000
70.000000
62.000000
67.000000
73.000000
52.000000
78.000000
213.000000
255.000000
255.000000
97.000000
0.000000
0.000000
0.000000
0.000000
0.000000
0.000000
0.000000
0.000000
0.000000
0.000000
0.000000
0.000000
86.000000
255.000000
142.000000
0.000000
0.000000
0.000000
0.000000
0.000000
0.000000
0.000000
0.000000
0.000000
0.000000
0.000000
0.000000
0.000000
56.000000
255.000000
2.000000
0.000000
0.000000
0.000000
0.000000
0.000000
2.000000
13.000000
18.000000
36.000000
54.000000
59.000000
92.000000
49.000000
87.000000
255.000000
0.000000
0.000000
18.000000
127.000000
153.000000
172.000000
188.000000
201.000000
207.000000
221.000000
238.000000
237.000000
255.000000
150.000000
106.000000
255.000000
63.000000
0.000000
176.000000
255.000000
255.000000
255.000000
255.000000
255.000000
255.000000
255.000000
255.000000
255.000000
255.000000
115.000000
158.000000
255.000000
213.000000
159.000000
255.000000
255.000000
255.000000
254.000000
253.000000
252.000000
254.000000
255.000000
253.000000
255.000000
250.000000
99.000000
220.000000
255.000000
255.000000
255.000000
255.000000
252.000000
253.000000
253.000000
253.000000
253.000000
254.000000
255.000000
253.000000
255.000000
206.000000
106.000000
253.000000
255.000000
252.000000
255.000000
251.000000
251.000000
254.000000
255.000000
255.000000
255.000000
255.000000
254.000000
254.000000
255.000000
162.000000
118.000000
255.000000
255.000000
251.000000
254.000000
252.000000
250.000000
253.000000
255.000000
255.000000
255.000000
255.000000
255.000000
253.000000
255.000000
146.000000
151.000000
255.000000
254.000000
253.000000
253.000000
255.000000
255.000000
253.000000
255.000000
255.000000
255.000000
255.000000
255.000000
255.000000
255.000000
159.000000
198.000000
255.000000
254.000000
255.000000
255.000000
255.000000
255.000000
255.000000
255.000000
255.000000
255.000000
255.000000
255.000000
255.000000
254.000000
138.000000
210.000000
255.000000
253.000000
255.000000
255.000000
254.000000
255.000000
255.000000
255.000000
255.000000
255.000000
255.000000
255.000000
255.000000
235.000000
107.000000
231.000000
255.000000
255.000000
255.000000
255.000000
254.000000
254.000000
255.000000
255.000000
255.000000
255.000000
255.000000
255.000000
255.000000
229.000000
150.000000
250.000000
255.000000
254.000000
255.000000
255.000000
255.000000
255.000000
255.000000
255.000000
255.000000
255.000000
255.000000
255.000000
255.000000
246.000000
229.000000
255.000000
255.000000
255.000000
