253.000000
252.000000
254.000000
255.000000
182.000000
198.000000
255.000000
255.000000
255.000000
255.000000
255.000000
255.000000
255.000000
255.000000
255.000000
252.000000
254.000000
251.000000
255.000000
179.000000
0.000000
72.000000
255.000000
218.000000
158.000000
108.000000
95.000000
96.000000
136.000000
202.000000
255.000000
255.000000
252.000000
255.000000
209.000000
5.000000
1.000000
32.000000
73.000000
12.000000
0.000000
0.000000
0.000000
0.000000
0.000000
0.000000
127.000000
253.000000
254.000000
239.000000
41.000000
0.000000
18.000000
0.000000
0.000000
0.000000
0.000000
26.000000
64.000000
60.000000
7.000000
0.000000
3.000000
227.000000
255.000000
120.000000
0.000000
6.000000
1.000000
0.000000
25.000000
128.000000
181.000000
231.000000
255.000000
255.000000
222.000000
31.000000
0.000000
231.000000
255.000000
158.000000
0.000000
0.000000
0.000000
116.000000
234.000000
255.000000
255.000000
255.000000
255.000000
255.000000
255.000000
21.000000
36.000000
253.000000
254.000000
255.000000
94.000000
35.000000
176.000000
255.000000
255.000000
252.000000
251.000000
254.000000
255.000000
249.000000
44.000000
0.000000
200.000000
255.000000
252.000000
255.000000
255.000000
251.000000
255.000000
254.000000
249.000000
253.000000
255.000000
255.000000
205.000000
34.000000
0.000000
154.000000
255.000000
253.000000
253.000000
253.000000
255.000000
255.000000
252.000000
249.000000
255.000000
255.000000
255.000000
128.000000
0.000000
0.000000
180.000000
255.000000
255.000000
253.000000
254.000000
254.000000
250.000000
246.000000
245.000000
255.000000
255.000000
188.000000
29.000000
0.000000
63.000000
212.000000
255.000000
252.000000
250.000000
251.000000
254.000000
254.000000
250.000000
249.000000
255.000000
255.000000
125.000000
0.000000
26.000000
182.000000
255.000000
255.000000
253.000000
249.000000
253.000000
252.000000
255.000000
253.000000
251.000000
255.000000
255.000000
86.000000
0.000000
105.000000
255.000000
255.000000
255.000000
252.000000
252.000000
254.000000
252.000000
254.000000
253.000000
254.000000
254.000000
255.000000
105.000000
0.000000
140.000000
255.000000
255.000000
251.000000
249.000000
252.000000
254.000000
254.000000
252.000000
254.000000
253.000000
254.000000
255.000000
157.000000
0.000000
132.000000
255.000000
255.000000
254.000000
255.000000
255.000000
254.000000
254.000000
255.000000
255.000000
255.000000
254.000000
255.000000
196.000000
0.000000
132.000000
255.000000
255.000000
254.000000
255.000000
255.000000
255.000000
255.000000
254.000000
255.000000
255.000000
255.000000
255.000000
255.000000
156.000000
142.000000
255.000000
255.000000
248.000000
255.000000
255.000000
255.000000
255.000000
255.000000
255.000000
255.000000
255.000000
255.000000
