255.000000
254.000000
254.000000
254.000000
254.000000
255.000000
255.000000
255.000000
255.000000
254.000000
254.000000
254.000000
254.000000
255.000000
255.000000
255.000000
255.000000
255.000000
255.000000
255.000000
255.000000
255.000000
255.000000
255.000000
255.000000
255.000000
255.000000
255.000000
254.000000
255.000000
255.000000
254.000000
255.000000
254.000000
254.000000
254.000000
254.000000
254.000000
254.000000
254.000000
254.000000
254.000000
254.000000
253.000000
254.000000
255.000000
255.000000
255.000000
255.000000
255.000000
255.000000
255.000000
255.000000
255.000000
255.000000
254.000000
254.000000
254.000000
255.000000
254.000000
254.000000
253.000000
254.000000
254.000000
255.000000
254.000000
254.000000
254.000000
255.000000
255.000000
254.000000
254.000000
254.000000
254.000000
254.000000
253.000000
254.000000
255.000000
255.000000
255.000000
255.000000
255.000000
255.000000
255.000000
255.000000
255.000000
255.000000
254.000000
254.000000
254.000000
255.000000
254.000000
254.000000
252.000000
252.000000
255.000000
255.000000
252.000000
252.000000
255.000000
255.000000
255.000000
255.000000
255.000000
255.000000
255.000000
255.000000
255.000000
255.000000
255.000000
255.000000
255.000000
255.000000
255.000000
255.000000
255.000000
255.000000
255.000000
255.000000
255.000000
255.000000
255.000000
255.000000
255.000000
255.000000
255.000000
252.000000
253.000000
255.000000
251.000000
253.000000
230.000000
171.000000
169.000000
169.000000
169.000000
168.000000
169.000000
169.000000
168.000000
168.000000
169.000000
169.000000
169.000000
169.000000
169.000000
169.000000
169.000000
169.000000
169.000000
169.000000
169.000000
169.000000
169.000000
168.000000
169.000000
165.000000
178.000000
239.000000
252.000000
255.000000
252.000000
188.000000
69.000000
0.000000
0.000000
0.000000
0.000000
0.000000
0.000000
0.000000
0.000000
0.000000
0.000000
0.000000
0.000000
0.000000
0.000000
0.000000
0.000000
0.000000
0.000000
0.000000
0.000000
0.000000
0.000000
0.000000
0.000000
0.000000
14.000000
191.000000
255.000000
255.000000
241.000000
75.000000
0.000000
0.000000
0.000000
0.000000
0.000000
0.000000
0.000000
0.000000
0.000000
0.000000
0.000000
0.000000
0.000000
0.000000
0.000000
0.000000
0.000000
0.000000
0.000000
0.000000
0.000000
0.000000
0.000000
0.000000
0.000000
0.000000
13.000000
181.000000
254.000000
255.000000
226.000000
41.000000
0.000000
6.000000
3.000000
1.000000
1.000000
1.000000
0.000000
0.000000
0.000000
0.000000
1.000000
1.000000
1.000000
1.000000
1.000000
1.000000
1.000000
1.000000
1.000000
1.000000
0.000000
0.000000
1.000000
2.000000
1.000000
1.000000
19.000000
182.000000
254.000000
255.000000
219.000000
32.000000
2.000000
2.000000
4.000000
3.000000
0.000000
0.000000
0.000000
0.000000
1.000000
0.000000
0.000000
0.000000
0.000000
0.000000
0.000000
0.000000
0.000000
0.000000
0.000000
0.000000
0.000000
0.000000
1.000000
2.000000
1.000000
1.000000
19.000000
181.000000
253.000000
255.000000
212.000000
29.000000
2.000000
0.000000
2.000000
3.000000
0.000000
2.000000
0.000000
0.000000
0.000000
0.000000
0.000000
0.000000
0.000000
0.000000
0.000000
0.000000
0.000000
0.000000
0.000000
0.000000
0.000000
0.000000
0.000000
0.000000
0.000000
0.000000
7.000000
179.000000
253.000000
255.000000
211.000000
27.000000
0.000000
1.000000
0.000000
1.000000
0.000000
14.000000
26.000000
30.000000
27.000000
26.000000
26.000000
27.000000
27.000000
27.000000
27.000000
27.000000
27.000000
27.000000
27.000000
27.000000
26.000000
26.000000
26.000000
27.000000
27.000000
24.000000
47.000000
205.000000
255.000000
255.000000
211.000000
27.000000
0.000000
2.000000
1.000000
1.000000
0.000000
29.000000
156.000000
216.000000
205.000000
206.000000
207.000000
207.000000
207.000000
207.000000
207.000000
207.000000
207.000000
207.000000
207.000000
207.000000
207.000000
207.000000
206.000000
207.000000
206.000000
204.000000
215.000000
250.000000
254.000000
255.000000
211.000000
27.000000
0.000000
2.000000
1.000000
1.000000
0.000000
31.000000
206.000000
255.000000
255.000000
255.000000
255.000000
255.000000
255.000000
255.000000
255.000000
255.000000
255.000000
255.000000
255.000000
255.000000
255.000000
255.000000
255.000000
255.000000
255.000000
255.000000
255.000000
253.000000
252.000000
255.000000
211.000000
27.000000
0.000000
1.000000
1.000000
1.000000
0.000000
32.000000
195.000000
255.000000
253.000000
254.000000
255.000000
255.000000
255.000000
255.000000
255.000000
255.000000
255.000000
255.000000
255.000000
255.000000
255.000000
254.000000
255.000000
254.000000
253.000000
253.000000
252.000000
253.000000
253.000000
255.000000
211.000000
27.000000
0.000000
1.000000
0.000000
2.000000
0.000000
34.000000
193.000000
255.000000
252.000000
254.000000
255.000000
255.000000
255.000000
255.000000
255.000000
255.000000
255.000000
255.000000
255.000000
255.000000
254.000000
254.000000
254.000000
254.000000
254.000000
253.000000
252.000000
254.000000
254.000000
255.000000
211.000000
27.000000
0.000000
1.000000
0.000000
2.000000
0.000000
33.000000
195.000000
255.000000
251.000000
255.000000
255.000000
255.000000
255.000000
255.000000
255.000000
255.000000
255.000000
255.000000
255.000000
255.000000
254.000000
254.000000
254.000000
255.000000
254.000000
254.000000
253.000000
254.000000
254.000000
255.000000
211.000000
27.000000
0.000000
1.000000
1.000000
2.000000
0.000000
34.000000
198.000000
255.000000
253.000000
254.000000
255.000000
255.000000
255.000000
255.000000
255.000000
255.000000
255.000000
255.000000
255.000000
255.000000
254.000000
254.000000
254.000000
255.000000
255.000000
254.000000
254.000000
253.000000
254.000000
255.000000
212.000000
27.000000
0.000000
0.000000
1.000000
2.000000
0.000000
35.000000
197.000000
255.000000
253.000000
254.000000
255.000000
255.000000
255.000000
255.000000
255.000000
255.000000
255.000000
255.000000
255.000000
255.000000
254.000000
254.000000
254.000000
255.000000
255.000000
255.000000
255.000000
255.000000
255.000000
255.000000
211.000000
27.000000
0.000000
0.000000
1.000000
1.000000
0.000000
35.000000
197.000000
255.000000
253.000000
254.000000
255.000000
255.000000
255.000000
255.000000
255.000000
255.000000
255.000000
255.000000
255.000000
255.000000
254.000000
254.000000
254.000000
255.000000
255.000000
254.000000
254.000000
255.000000
255.000000
255.000000
211.000000
27.000000
0.000000
0.000000
1.000000
1.000000
0.000000
35.000000
197.000000
255.000000
253.000000
254.000000
255.000000
255.000000
255.000000
255.000000
255.000000
255.000000
255.000000
255.000000
255.000000
255.000000
255.000000
254.000000
255.000000
255.000000
254.000000
254.000000
254.000000
255.000000
255.000000
255.000000
212.000000
28.000000
0.000000
0.000000
1.000000
1.000000
0.000000
35.000000
197.000000
255.000000
254.000000
254.000000
255.000000
255.000000
255.000000
255.000000
255.000000
255.000000
255.000000
255.000000
255.000000
255.000000
255.000000
255.000000
254.000000
255.000000
254.000000
254.000000
254.000000
254.000000
255.000000
255.000000
212.000000
27.000000
0.000000
0.000000
2.000000
1.000000
0.000000
35.000000
197.000000
255.000000
254.000000
254.000000
255.000000
255.000000
255.000000
255.000000
255.000000
255.000000
255.000000
255.000000
255.000000
255.000000
254.000000
254.000000
254.000000
254.000000
254.000000
254.000000
254.000000
254.000000
255.000000
255.000000
212.000000
28.000000
0.000000
0.000000
2.000000
1.000000
0.000000
36.000000
213.000000
255.000000
255.000000
255.000000
255.000000
255.000000
255.000000
255.000000
255.000000
255.000000
255.000000
255.000000
255.000000
255.000000
255.000000
255.000000
255.000000
255.000000
255.000000
255.000000
255.000000
255.000000
255.000000
255.000000
211.000000
28.000000
0.000000
0.000000
1.000000
0.000000
0.000000
28.000000
172.000000
224.000000
222.000000
222.000000
223.000000
223.000000
223.000000
223.000000
223.000000
223.000000
223.000000
223.000000
223.000000
223.000000
222.000000
222.000000
222.000000
222.000000
222.000000
222.000000
220.000000
231.000000
251.000000
255.000000
213.000000
26.000000
0.000000
2.000000
3.000000
2.000000
1.000000
6.000000
13.000000
19.000000
20.000000
19.000000
19.000000
19.000000
19.000000
19.000000
19.000000
19.000000
19.000000
19.000000
19.000000
19.000000
18.000000
18.000000
18.000000
18.000000
18.000000
18.000000
11.000000
67.000000
227.000000
255.000000
214.000000
28.000000
0.000000
1.000000
1.000000
2.000000
1.000000
1.000000
0.000000
0.000000
0.000000
0.000000
0.000000
0.000000
0.000000
0.000000
0.000000
0.000000
0.000000
0.000000
0.000000
0.000000
0.000000
0.000000
0.000000
0.000000
0.000000
0.000000
0.000000
25.000000
202.000000
255.000000
221.000000
34.000000
2.000000
0.000000
3.000000
1.000000
1.000000
0.000000
0.000000
0.000000
0.000000
0.000000
0.000000
0.000000
0.000000
0.000000
0.000000
0.000000
0.000000
0.000000
0.000000
0.000000
0.000000
0.000000
0.000000
0.000000
0.000000
0.000000
0.000000
29.000000
202.000000
255.000000
235.000000
49.000000
0.000000
0.000000
2.000000
0.000000
1.000000
0.000000
0.000000
1.000000
1.000000
0.000000
0.000000
0.000000
0.000000
0.000000
0.000000
0.000000
0.000000
0.000000
0.000000
0.000000
0.000000
0.000000
0.000000
0.000000
0.000000
0.000000
0.000000
28.000000
204.000000
255.000000
247.000000
97.000000
0.000000
0.000000
0.000000
0.000000
0.000000
0.000000
0.000000
0.000000
0.000000
0.000000
0.000000
0.000000
0.000000
0.000000
0.000000
0.000000
0.000000
0.000000
0.000000
0.000000
0.000000
0.000000
0.000000
0.000000
0.000000
0.000000
0.000000
21.000000
201.000000
255.000000
252.000000
190.000000
64.000000
8.000000
2.000000
5.000000
2.000000
3.000000
2.000000
2.000000
2.000000
2.000000
2.000000
2.000000
2.000000
2.000000
2.000000
2.000000
2.000000
2.000000
2.000000
2.000000
2.000000
2.000000
2.000000
2.000000
2.000000
2.000000
0.000000
31.000000
206.000000
255.000000
253.000000
252.000000
226.000000
152.000000
132.000000
134.000000
136.000000
135.000000
135.000000
135.000000
135.000000
135.000000
136.000000
136.000000
136.000000
136.000000
136.000000
136.000000
136.000000
136.000000
136.000000
136.000000
135.000000
135.000000
135.000000
136.000000
135.000000
135.000000
132.000000
148.000000
236.000000
255.000000
253.000000
253.000000
254.000000
255.000000
254.000000
252.000000
255.000000
255.000000
255.000000
255.000000
255.000000
255.000000
255.000000
255.000000
255.000000
255.000000
255.000000
255.000000
255.000000
255.000000
255.000000
255.000000
255.000000
255.000000
255.000000
255.000000
255.000000
255.000000
255.000000
251.000000
250.000000
