254.000000
252.000000
255.000000
254.000000
254.000000
254.000000
253.000000
254.000000
252.000000
254.000000
254.000000
254.000000
255.000000
255.000000
255.000000
255.000000
255.000000
255.000000
255.000000
255.000000
255.000000
255.000000
255.000000
255.000000
255.000000
255.000000
255.000000
255.000000
255.000000
255.000000
255.000000
255.000000
254.000000
254.000000
255.000000
255.000000
255.000000
255.000000
255.000000
255.000000
255.000000
254.000000
254.000000
254.000000
255.000000
255.000000
255.000000
255.000000
255.000000
255.000000
255.000000
255.000000
255.000000
255.000000
255.000000
255.000000
255.000000
255.000000
255.000000
255.000000
255.000000
255.000000
255.000000
255.000000
254.000000
252.000000
252.000000
251.000000
250.000000
251.000000
251.000000
250.000000
249.000000
253.000000
254.000000
254.000000
255.000000
255.000000
255.000000
255.000000
255.000000
255.000000
255.000000
255.000000
255.000000
255.000000
255.000000
255.000000
255.000000
255.000000
255.000000
255.000000
255.000000
255.000000
255.000000
255.000000
254.000000
209.000000
89.000000
76.000000
79.000000
80.000000
79.000000
83.000000
182.000000
253.000000
254.000000
253.000000
255.000000
255.000000
255.000000
255.000000
255.000000
255.000000
255.000000
255.000000
255.000000
255.000000
255.000000
255.000000
255.000000
255.000000
255.000000
255.000000
255.000000
255.000000
255.000000
255.000000
253.000000
153.000000
0.000000
0.000000
0.000000
0.000000
0.000000
0.000000
108.000000
251.000000
255.000000
253.000000
255.000000
255.000000
255.000000
255.000000
255.000000
255.000000
255.000000
255.000000
255.000000
255.000000
255.000000
255.000000
255.000000
255.000000
255.000000
255.000000
255.000000
255.000000
255.000000
255.000000
253.000000
141.000000
1.000000
0.000000
0.000000
1.000000
0.000000
2.000000
104.000000
250.000000
255.000000
253.000000
255.000000
255.000000
255.000000
255.000000
255.000000
255.000000
255.000000
255.000000
255.000000
255.000000
255.000000
255.000000
255.000000
255.000000
255.000000
255.000000
255.000000
255.000000
255.000000
255.000000
253.000000
143.000000
2.000000
0.000000
2.000000
3.000000
0.000000
6.000000
113.000000
250.000000
254.000000
253.000000
255.000000
255.000000
255.000000
255.000000
255.000000
255.000000
255.000000
255.000000
255.000000
255.000000
255.000000
255.000000
255.000000
255.000000
255.000000
255.000000
255.000000
255.000000
255.000000
255.000000
253.000000
147.000000
2.000000
0.000000
2.000000
1.000000
0.000000
3.000000
113.000000
250.000000
254.000000
253.000000
255.000000
255.000000
255.000000
255.000000
255.000000
255.000000
255.000000
255.000000
255.000000
255.000000
255.000000
255.000000
255.000000
255.000000
255.000000
255.000000
255.000000
255.000000
255.000000
255.000000
253.000000
148.000000
1.000000
1.000000
3.000000
0.000000
1.000000
2.000000
109.000000
252.000000
254.000000
252.000000
255.000000
255.000000
255.000000
255.000000
255.000000
255.000000
255.000000
255.000000
255.000000
255.000000
255.000000
255.000000
255.000000
255.000000
255.000000
255.000000
255.000000
255.000000
255.000000
255.000000
254.000000
145.000000
0.000000
1.000000
3.000000
1.000000
1.000000
3.000000
110.000000
253.000000
254.000000
254.000000
255.000000
255.000000
255.000000
255.000000
255.000000
255.000000
255.000000
255.000000
255.000000
255.000000
255.000000
255.000000
255.000000
254.000000
255.000000
255.000000
255.000000
255.000000
255.000000
255.000000
253.000000
144.000000
2.000000
0.000000
1.000000
1.000000
0.000000
4.000000
112.000000
252.000000
253.000000
253.000000
255.000000
255.000000
255.000000
255.000000
255.000000
255.000000
255.000000
255.000000
255.000000
255.000000
254.000000
253.000000
253.000000
254.000000
254.000000
254.000000
254.000000
254.000000
254.000000
254.000000
253.000000
145.000000
2.000000
0.000000
0.000000
1.000000
0.000000
4.000000
112.000000
252.000000
254.000000
253.000000
255.000000
255.000000
255.000000
255.000000
255.000000
255.000000
255.000000
255.000000
255.000000
255.000000
254.000000
253.000000
253.000000
254.000000
254.000000
254.000000
255.000000
253.000000
254.000000
254.000000
254.000000
145.000000
2.000000
0.000000
0.000000
1.000000
0.000000
4.000000
111.000000
252.000000
254.000000
253.000000
255.000000
255.000000
255.000000
255.000000
255.000000
255.000000
255.000000
255.000000
255.000000
255.000000
254.000000
253.000000
255.000000
254.000000
255.000000
254.000000
255.000000
253.000000
253.000000
255.000000
254.000000
145.000000
2.000000
0.000000
0.000000
1.000000
0.000000
4.000000
111.000000
252.000000
255.000000
253.000000
255.000000
255.000000
255.000000
255.000000
255.000000
255.000000
255.000000
255.000000
255.000000
255.000000
254.000000
253.000000
254.000000
254.000000
254.000000
254.000000
255.000000
253.000000
253.000000
255.000000
254.000000
144.000000
2.000000
0.000000
0.000000
0.000000
0.000000
4.000000
112.000000
251.000000
255.000000
254.000000
255.000000
255.000000
255.000000
255.000000
255.000000
255.000000
255.000000
255.000000
255.000000
255.000000
255.000000
254.000000
253.000000
254.000000
253.000000
254.000000
255.000000
253.000000
253.000000
254.000000
254.000000
144.000000
2.000000
0.000000
0.000000
0.000000
0.000000
4.000000
111.000000
251.000000
255.000000
254.000000
255.000000
255.000000
255.000000
255.000000
255.000000
255.000000
255.000000
255.000000
255.000000
255.000000
255.000000
254.000000
253.000000
254.000000
253.000000
254.000000
254.000000
253.000000
253.000000
254.000000
254.000000
145.000000
2.000000
0.000000
0.000000
0.000000
0.000000
4.000000
111.000000
251.000000
255.000000
254.000000
255.000000
255.000000
255.000000
255.000000
255.000000
255.000000
255.000000
255.000000
255.000000
255.000000
254.000000
254.000000
252.000000
253.000000
252.000000
254.000000
254.000000
254.000000
253.000000
253.000000
254.000000
144.000000
2.000000
0.000000
0.000000
0.000000
0.000000
3.000000
111.000000
251.000000
255.000000
252.000000
254.000000
254.000000
254.000000
254.000000
254.000000
254.000000
254.000000
254.000000
254.000000
254.000000
254.000000
253.000000
253.000000
252.000000
251.000000
254.000000
253.000000
254.000000
254.000000
251.000000
254.000000
144.000000
1.000000
0.000000
0.000000
0.000000
0.000000
3.000000
110.000000
251.000000
254.000000
253.000000
255.000000
255.000000
255.000000
255.000000
255.000000
255.000000
255.000000
255.000000
255.000000
255.000000
254.000000
253.000000
253.000000
253.000000
252.000000
254.000000
253.000000
253.000000
254.000000
252.000000
254.000000
144.000000
1.000000
0.000000
0.000000
0.000000
0.000000
3.000000
110.000000
252.000000
252.000000
254.000000
255.000000
255.000000
255.000000
255.000000
255.000000
255.000000
255.000000
255.000000
255.000000
255.000000
253.000000
252.000000
254.000000
253.000000
253.000000
254.000000
253.000000
251.000000
252.000000
253.000000
254.000000
144.000000
1.000000
1.000000
0.000000
0.000000
0.000000
2.000000
112.000000
255.000000
255.000000
255.000000
255.000000
255.000000
255.000000
255.000000
255.000000
255.000000
255.000000
255.000000
255.000000
255.000000
255.000000
254.000000
255.000000
255.000000
255.000000
255.000000
255.000000
252.000000
250.000000
254.000000
254.000000
144.000000
1.000000
1.000000
0.000000
0.000000
0.000000
1.000000
113.000000
255.000000
255.000000
255.000000
255.000000
255.000000
255.000000
255.000000
255.000000
255.000000
255.000000
255.000000
255.000000
255.000000
255.000000
255.000000
255.000000
255.000000
255.000000
255.000000
255.000000
251.000000
249.000000
253.000000
254.000000
144.000000
1.000000
1.000000
0.000000
0.000000
0.000000
2.000000
62.000000
147.000000
146.000000
146.000000
145.000000
145.000000
145.000000
145.000000
145.000000
145.000000
145.000000
145.000000
145.000000
145.000000
144.000000
145.000000
144.000000
145.000000
145.000000
145.000000
140.000000
157.000000
236.000000
254.000000
254.000000
143.000000
1.000000
1.000000
1.000000
0.000000
0.000000
5.000000
13.000000
7.000000
8.000000
6.000000
6.000000
7.000000
7.000000
7.000000
7.000000
7.000000
7.000000
7.000000
7.000000
7.000000
6.000000
7.000000
6.000000
7.000000
6.000000
6.000000
1.000000
31.000000
211.000000
254.000000
254.000000
147.000000
5.000000
2.000000
3.000000
2.000000
0.000000
1.000000
0.000000
0.000000
0.000000
0.000000
0.000000
0.000000
0.000000
0.000000
0.000000
0.000000
0.000000
0.000000
0.000000
0.000000
0.000000
0.000000
0.000000
0.000000
0.000000
0.000000
0.000000
13.000000
191.000000
253.000000
254.000000
161.000000
8.000000
3.000000
0.000000
3.000000
0.000000
1.000000
2.000000
1.000000
1.000000
1.000000
0.000000
1.000000
1.000000
1.000000
1.000000
1.000000
1.000000
1.000000
1.000000
1.000000
0.000000
0.000000
0.000000
0.000000
0.000000
0.000000
0.000000
17.000000
187.000000
252.000000
254.000000
175.000000
4.000000
1.000000
0.000000
2.000000
1.000000
0.000000
2.000000
1.000000
0.000000
1.000000
0.000000
0.000000
0.000000
0.000000
0.000000
0.000000
0.000000
0.000000
0.000000
0.000000
0.000000
0.000000
0.000000
0.000000
0.000000
0.000000
0.000000
18.000000
187.000000
253.000000
254.000000
214.000000
29.000000
0.000000
0.000000
0.000000
0.000000
0.000000
0.000000
0.000000
0.000000
0.000000
0.000000
0.000000
0.000000
0.000000
0.000000
0.000000
0.000000
0.000000
0.000000
0.000000
0.000000
0.000000
0.000000
0.000000
0.000000
0.000000
0.000000
15.000000
198.000000
254.000000
253.000000
248.000000
178.000000
58.000000
2.000000
8.000000
7.000000
8.000000
8.000000
8.000000
8.000000
8.000000
8.000000
8.000000
8.000000
8.000000
8.000000
8.000000
8.000000
8.000000
8.000000
8.000000
8.000000
8.000000
8.000000
8.000000
8.000000
8.000000
2.000000
41.000000
218.000000
254.000000
253.000000
251.000000
254.000000
217.000000
182.000000
187.000000
186.000000
187.000000
187.000000
187.000000
187.000000
187.000000
187.000000
187.000000
187.000000
187.000000
187.000000
187.000000
187.000000
187.000000
187.000000
187.000000
187.000000
188.000000
187.000000
187.000000
187.000000
187.000000
182.000000
197.000000
243.000000
252.000000
254.000000
250.000000
254.000000
255.000000
255.000000
255.000000
255.000000
255.000000
255.000000
255.000000
255.000000
255.000000
255.000000
255.000000
255.000000
255.000000
255.000000
255.000000
255.000000
255.000000
255.000000
255.000000
255.000000
255.000000
255.000000
255.000000
255.000000
255.000000
255.000000
255.000000
249.000000
253.000000
255.000000
253.000000
255.000000
255.000000
254.000000
253.000000
254.000000
254.000000
254.000000
255.000000
254.000000
254.000000
255.000000
255.000000
255.000000
255.000000
255.000000
255.000000
255.000000
255.000000
255.000000
255.000000
255.000000
255.000000
255.000000
255.000000
255.000000
254.000000
254.000000
253.000000
251.000000
254.000000
