255.000000
255.000000
255.000000
255.000000
255.000000
255.000000
255.000000
255.000000
255.000000
255.000000
255.000000
255.000000
255.000000
255.000000
255.000000
255.000000
255.000000
255.000000
255.000000
255.000000
255.000000
255.000000
255.000000
208.000000
145.000000
92.000000
101.000000
198.000000
255.000000
255.000000
255.000000
255.000000
255.000000
255.000000
255.000000
255.000000
255.000000
255.000000
255.000000
255.000000
255.000000
255.000000
255.000000
255.000000
255.000000
255.000000
255.000000
255.000000
255.000000
255.000000
255.000000
235.000000
205.000000
133.000000
57.000000
0.000000
0.000000
0.000000
0.000000
0.000000
105.000000
255.000000
255.000000
255.000000
255.000000
200.000000
105.000000
115.000000
147.000000
164.000000
171.000000
182.000000
188.000000
188.000000
188.000000
185.000000
175.000000
167.000000
159.000000
137.000000
113.000000
69.000000
39.000000
10.000000
0.000000
0.000000
0.000000
0.000000
0.000000
0.000000
0.000000
0.000000
0.000000
71.000000
255.000000
255.000000
255.000000
58.000000
0.000000
0.000000
0.000000
0.000000
0.000000
0.000000
0.000000
0.000000
0.000000
0.000000
0.000000
0.000000
0.000000
0.000000
0.000000
0.000000
0.000000
0.000000
0.000000
0.000000
0.000000
0.000000
0.000000
0.000000
0.000000
0.000000
0.000000
0.000000
89.000000
255.000000
255.000000
147.000000
0.000000
0.000000
0.000000
0.000000
0.000000
0.000000
0.000000
0.000000
0.000000
0.000000
0.000000
0.000000
0.000000
0.000000
0.000000
0.000000
0.000000
0.000000
0.000000
0.000000
0.000000
0.000000
0.000000
0.000000
0.000000
0.000000
0.000000
0.000000
0.000000
164.000000
255.000000
255.000000
75.000000
0.000000
0.000000
0.000000
0.000000
0.000000
0.000000
0.000000
0.000000
0.000000
0.000000
0.000000
0.000000
0.000000
0.000000
0.000000
0.000000
0.000000
0.000000
0.000000
0.000000
16.000000
9.000000
0.000000
0.000000
0.000000
0.000000
0.000000
0.000000
72.000000
255.000000
255.000000
255.000000
85.000000
0.000000
0.000000
0.000000
0.000000
0.000000
0.000000
0.000000
0.000000
0.000000
0.000000
0.000000
0.000000
0.000000
10.000000
52.000000
88.000000
122.000000
177.000000
213.000000
241.000000
73.000000
0.000000
0.000000
0.000000
0.000000
0.000000
0.000000
107.000000
255.000000
255.000000
255.000000
255.000000
151.000000
25.000000
0.000000
0.000000
0.000000
0.000000
0.000000
0.000000
0.000000
6.000000
68.000000
126.000000
171.000000
235.000000
255.000000
255.000000
255.000000
255.000000
255.000000
255.000000
76.000000
0.000000
0.000000
0.000000
0.000000
0.000000
0.000000
193.000000
255.000000
255.000000
255.000000
255.000000
255.000000
243.000000
126.000000
22.000000
0.000000
0.000000
5.000000
84.000000
149.000000
228.000000
255.000000
255.000000
255.000000
255.000000
255.000000
255.000000
255.000000
255.000000
255.000000
255.000000
72.000000
0.000000
0.000000
0.000000
0.000000
0.000000
30.000000
255.000000
255.000000
255.000000
255.000000
255.000000
255.000000
255.000000
255.000000
243.000000
180.000000
176.000000
228.000000
255.000000
255.000000
255.000000
255.000000
255.000000
255.000000
255.000000
255.000000
255.000000
255.000000
255.000000
255.000000
255.000000
72.000000
0.000000
0.000000
0.000000
0.000000
0.000000
79.000000
255.000000
255.000000
255.000000
255.000000
255.000000
255.000000
255.000000
255.000000
255.000000
255.000000
255.000000
255.000000
255.000000
255.000000
255.000000
255.000000
255.000000
255.000000
255.000000
255.000000
255.000000
255.000000
255.000000
255.000000
255.000000
72.000000
0.000000
0.000000
0.000000
0.000000
0.000000
81.000000
255.000000
255.000000
255.000000
255.000000
255.000000
255.000000
255.000000
255.000000
255.000000
255.000000
255.000000
255.000000
255.000000
255.000000
255.000000
255.000000
255.000000
255.000000
255.000000
255.000000
255.000000
255.000000
255.000000
255.000000
255.000000
84.000000
0.000000
0.000000
0.000000
0.000000
0.000000
83.000000
255.000000
255.000000
255.000000
255.000000
255.000000
255.000000
255.000000
255.000000
255.000000
255.000000
255.000000
255.000000
255.000000
255.000000
255.000000
255.000000
255.000000
255.000000
255.000000
255.000000
255.000000
255.000000
255.000000
236.000000
191.000000
46.000000
0.000000
0.000000
0.000000
0.000000
0.000000
95.000000
255.000000
255.000000
255.000000
255.000000
255.000000
255.000000
255.000000
255.000000
255.000000
255.000000
255.000000
255.000000
255.000000
255.000000
255.000000
245.000000
225.000000
204.000000
171.000000
122.000000
93.000000
69.000000
43.000000
11.000000
0.000000
0.000000
0.000000
0.000000
0.000000
0.000000
0.000000
103.000000
255.000000
253.000000
204.000000
200.000000
200.000000
195.000000
189.000000
181.000000
170.000000
161.000000
145.000000
127.000000
90.000000
60.000000
39.000000
20.000000
1.000000
0.000000
0.000000
0.000000
0.000000
0.000000
0.000000
0.000000
0.000000
0.000000
0.000000
0.000000
0.000000
0.000000
0.000000
115.000000
255.000000
114.000000
0.000000
0.000000
0.000000
0.000000
0.000000
0.000000
0.000000
0.000000
0.000000
0.000000
0.000000
0.000000
0.000000
0.000000
0.000000
0.000000
0.000000
0.000000
0.000000
0.000000
0.000000
0.000000
0.000000
0.000000
0.000000
0.000000
0.000000
0.000000
0.000000
135.000000
255.000000
156.000000
0.000000
0.000000
0.000000
0.000000
0.000000
0.000000
0.000000
0.000000
0.000000
0.000000
0.000000
0.000000
0.000000
0.000000
0.000000
0.000000
0.000000
0.000000
0.000000
0.000000
0.000000
0.000000
14.000000
16.000000
0.000000
0.000000
0.000000
0.000000
0.000000
158.000000
255.000000
255.000000
106.000000
0.000000
0.000000
0.000000
0.000000
0.000000
0.000000
0.000000
0.000000
0.000000
0.000000
0.000000
0.000000
0.000000
0.000000
0.000000
0.000000
8.000000
47.000000
104.000000
157.000000
195.000000
239.000000
130.000000
0.000000
0.000000
0.000000
0.000000
0.000000
182.000000
255.000000
255.000000
255.000000
130.000000
0.000000
0.000000
0.000000
0.000000
0.000000
0.000000
0.000000
0.000000
0.000000
0.000000
0.000000
0.000000
44.000000
98.000000
175.000000
232.000000
255.000000
255.000000
255.000000
255.000000
255.000000
137.000000
0.000000
0.000000
0.000000
0.000000
0.000000
209.000000
255.000000
255.000000
255.000000
255.000000
190.000000
67.000000
0.000000
0.000000
0.000000
0.000000
0.000000
0.000000
0.000000
14.000000
100.000000
186.000000
255.000000
255.000000
255.000000
255.000000
255.000000
255.000000
255.000000
255.000000
255.000000
136.000000
0.000000
0.000000
0.000000
0.000000
8.000000
244.000000
255.000000
255.000000
255.000000
255.000000
255.000000
255.000000
177.000000
76.000000
0.000000
0.000000
0.000000
24.000000
134.000000
236.000000
255.000000
255.000000
255.000000
255.000000
255.000000
255.000000
255.000000
255.000000
255.000000
255.000000
255.000000
142.000000
0.000000
0.000000
0.000000
0.000000
50.000000
255.000000
255.000000
255.000000
255.000000
255.000000
255.000000
255.000000
255.000000
255.000000
209.000000
160.000000
169.000000
244.000000
255.000000
255.000000
255.000000
255.000000
255.000000
255.000000
255.000000
255.000000
255.000000
255.000000
255.000000
255.000000
255.000000
158.000000
0.000000
0.000000
0.000000
0.000000
98.000000
255.000000
255.000000
255.000000
255.000000
255.000000
255.000000
255.000000
255.000000
255.000000
255.000000
255.000000
255.000000
255.000000
255.000000
255.000000
255.000000
255.000000
255.000000
255.000000
255.000000
255.000000
255.000000
255.000000
255.000000
255.000000
255.000000
182.000000
0.000000
0.000000
0.000000
0.000000
161.000000
255.000000
255.000000
255.000000
255.000000
255.000000
255.000000
255.000000
255.000000
255.000000
255.000000
255.000000
255.000000
255.000000
255.000000
255.000000
255.000000
255.000000
255.000000
255.000000
255.000000
255.000000
255.000000
255.000000
255.000000
255.000000
255.000000
205.000000
0.000000
0.000000
0.000000
0.000000
238.000000
255.000000
255.000000
255.000000
255.000000
255.000000
255.000000
255.000000
255.000000
255.000000
255.000000
255.000000
255.000000
255.000000
255.000000
255.000000
255.000000
255.000000
255.000000
255.000000
255.000000
255.000000
255.000000
255.000000
255.000000
255.000000
255.000000
219.000000
0.000000
0.000000
0.000000
75.000000
255.000000
255.000000
255.000000
255.000000
255.000000
255.000000
255.000000
255.000000
255.000000
255.000000
255.000000
255.000000
255.000000
255.000000
255.000000
255.000000
255.000000
255.000000
255.000000
255.000000
255.000000
255.000000
255.000000
255.000000
255.000000
255.000000
255.000000
231.000000
5.000000
0.000000
0.000000
199.000000
255.000000
255.000000
255.000000
255.000000
255.000000
255.000000
255.000000
255.000000
255.000000
255.000000
255.000000
255.000000
255.000000
255.000000
255.000000
255.000000
255.000000
255.000000
255.000000
255.000000
255.000000
255.000000
255.000000
255.000000
255.000000
255.000000
255.000000
244.000000
19.000000
0.000000
66.000000
255.000000
255.000000
255.000000
255.000000
255.000000
255.000000
255.000000
255.000000
255.000000
255.000000
255.000000
255.000000
255.000000
255.000000
255.000000
255.000000
255.000000
255.000000
255.000000
255.000000
255.000000
255.000000
255.000000
255.000000
255.000000
255.000000
255.000000
255.000000
240.000000
7.000000
0.000000
206.000000
255.000000
255.000000
255.000000
255.000000
255.000000
255.000000
255.000000
255.000000
255.000000
255.000000
255.000000
255.000000
255.000000
255.000000
255.000000
255.000000
255.000000
255.000000
255.000000
255.000000
255.000000
255.000000
255.000000
255.000000
255.000000
255.000000
255.000000
255.000000
229.000000
0.000000
34.000000
255.000000
255.000000
255.000000
255.000000
255.000000
255.000000
255.000000
255.000000
255.000000
255.000000
255.000000
255.000000
255.000000
255.000000
255.000000
255.000000
255.000000
255.000000
255.000000
255.000000
255.000000
255.000000
255.000000
255.000000
255.000000
255.000000
255.000000
255.000000
255.000000
209.000000
0.000000
155.000000
255.000000
255.000000
255.000000
255.000000
255.000000
255.000000
255.000000
255.000000
255.000000
255.000000
255.000000
255.000000
255.000000
255.000000
255.000000
255.000000
255.000000
255.000000
255.000000
255.000000
255.000000
255.000000
255.000000
255.000000
255.000000
255.000000
255.000000
255.000000
255.000000
155.000000
0.000000
252.000000
255.000000
255.000000
255.000000
255.000000
255.000000
255.000000
255.000000
255.000000
255.000000
255.000000
255.000000
255.000000
255.000000
255.000000
255.000000
255.000000
255.000000
255.000000
255.000000
255.000000
255.000000
255.000000
255.000000
255.000000
255.000000
255.000000
255.000000
255.000000
255.000000
200.000000
181.000000
255.000000
255.000000
255.000000
255.000000
255.000000
255.000000
