255.000000
227.000000
101.000000
25.000000
16.000000
19.000000
20.000000
19.000000
19.000000
19.000000
19.000000
19.000000
19.000000
19.000000
19.000000
19.000000
19.000000
19.000000
19.000000
19.000000
19.000000
20.000000
21.000000
20.000000
17.000000
18.000000
43.000000
161.000000
255.000000
255.000000
253.000000
255.000000
255.000000
115.000000
0.000000
0.000000
0.000000
0.000000
0.000000
0.000000
0.000000
0.000000
0.000000
0.000000
0.000000
0.000000
0.000000
0.000000
0.000000
0.000000
0.000000
0.000000
0.000000
0.000000
0.000000
0.000000
0.000000
0.000000
0.000000
14.000000
183.000000
255.000000
255.000000
255.000000
228.000000
48.000000
0.000000
0.000000
0.000000
0.000000
0.000000
0.000000
1.000000
1.000000
1.000000
1.000000
1.000000
1.000000
1.000000
1.000000
1.000000
1.000000
1.000000
1.000000
1.000000
1.000000
1.000000
1.000000
1.000000
0.000000
0.000000
0.000000
86.000000
253.000000
255.000000
255.000000
209.000000
33.000000
0.000000
1.000000
1.000000
0.000000
1.000000
1.000000
0.000000
0.000000
0.000000
0.000000
0.000000
0.000000
0.000000
0.000000
0.000000
0.000000
0.000000
1.000000
1.000000
1.000000
1.000000
0.000000
0.000000
0.000000
1.000000
0.000000
30.000000
210.000000
255.000000
255.000000
227.000000
49.000000
0.000000
1.000000
2.000000
1.000000
1.000000
2.000000
0.000000
0.000000
0.000000
0.000000
0.000000
0.000000
0.000000
1.000000
1.000000
0.000000
1.000000
1.000000
1.000000
3.000000
3.000000
1.000000
0.000000
0.000000
3.000000
0.000000
8.000000
171.000000
255.000000
255.000000
255.000000
114.000000
0.000000
0.000000
0.000000
0.000000
0.000000
0.000000
0.000000
0.000000
0.000000
0.000000
0.000000
0.000000
0.000000
0.000000
0.000000
0.000000
0.000000
0.000000
0.000000
2.000000
4.000000
3.000000
0.000000
0.000000
1.000000
0.000000
1.000000
149.000000
255.000000
255.000000
255.000000
233.000000
95.000000
1.000000
0.000000
0.000000
0.000000
0.000000
0.000000
0.000000
0.000000
0.000000
0.000000
0.000000
0.000000
0.000000
0.000000
0.000000
0.000000
0.000000
0.000000
0.000000
2.000000
2.000000
0.000000
1.000000
1.000000
0.000000
0.000000
137.000000
255.000000
255.000000
255.000000
255.000000
245.000000
189.000000
160.000000
164.000000
167.000000
166.000000
166.000000
166.000000
166.000000
166.000000
166.000000
166.000000
166.000000
166.000000
166.000000
166.000000
167.000000
175.000000
154.000000
53.000000
0.000000
0.000000
0.000000
0.000000
1.000000
0.000000
0.000000
139.000000
255.000000
255.000000
255.000000
255.000000
255.000000
255.000000
255.000000
255.000000
255.000000
255.000000
255.000000
255.000000
255.000000
255.000000
255.000000
255.000000
255.000000
255.000000
255.000000
255.000000
255.000000
255.000000
255.000000
166.000000
8.000000
0.000000
2.000000
0.000000
0.000000
0.000000
0.000000
139.000000
255.000000
255.000000
255.000000
255.000000
255.000000
255.000000
255.000000
255.000000
255.000000
255.000000
255.000000
255.000000
255.000000
255.000000
255.000000
255.000000
255.000000
255.000000
255.000000
255.000000
255.000000
255.000000
255.000000
194.000000
24.000000
0.000000
2.000000
1.000000
0.000000
0.000000
0.000000
140.000000
255.000000
255.000000
255.000000
254.000000
254.000000
255.000000
255.000000
255.000000
255.000000
255.000000
255.000000
255.000000
255.000000
255.000000
255.000000
255.000000
255.000000
255.000000
255.000000
255.000000
255.000000
255.000000
255.000000
172.000000
10.000000
0.000000
0.000000
1.000000
0.000000
0.000000
0.000000
140.000000
255.000000
255.000000
255.000000
253.000000
255.000000
255.000000
209.000000
150.000000
144.000000
148.000000
148.000000
148.000000
148.000000
148.000000
148.000000
148.000000
148.000000
148.000000
148.000000
147.000000
147.000000
155.000000
146.000000
61.000000
0.000000
0.000000
1.000000
1.000000
0.000000
0.000000
0.000000
140.000000
255.000000
255.000000
253.000000
255.000000
255.000000
155.000000
21.000000
0.000000
0.000000
0.000000
0.000000
0.000000
0.000000
0.000000
0.000000
0.000000
0.000000
0.000000
0.000000
0.000000
0.000000
0.000000
0.000000
0.000000
3.000000
2.000000
0.000000
0.000000
0.000000
0.000000
0.000000
140.000000
255.000000
255.000000
255.000000
255.000000
195.000000
23.000000
0.000000
0.000000
0.000000
0.000000
0.000000
0.000000
0.000000
0.000000
0.000000
0.000000
0.000000
0.000000
0.000000
0.000000
0.000000
0.000000
0.000000
2.000000
3.000000
1.000000
0.000000
0.000000
0.000000
0.000000
0.000000
140.000000
255.000000
255.000000
255.000000
255.000000
133.000000
0.000000
0.000000
2.000000
2.000000
2.000000
1.000000
1.000000
1.000000
1.000000
1.000000
1.000000
1.000000
1.000000
1.000000
1.000000
1.000000
2.000000
1.000000
0.000000
1.000000
0.000000
0.000000
0.000000
0.000000
0.000000
0.000000
140.000000
255.000000
255.000000
255.000000
255.000000
120.000000
0.000000
0.000000
0.000000
1.000000
1.000000
0.000000
0.000000
0.000000
0.000000
0.000000
0.000000
0.000000
0.000000
0.000000
2.000000
2.000000
1.000000
1.000000
0.000000
0.000000
0.000000
0.000000
0.000000
0.000000
0.000000
0.000000
140.000000
255.000000
255.000000
255.000000
255.000000
131.000000
0.000000
0.000000
1.000000
1.000000
1.000000
0.000000
0.000000
0.000000
0.000000
0.000000
0.000000
0.000000
0.000000
1.000000
1.000000
1.000000
1.000000
1.000000
1.000000
0.000000
1.000000
1.000000
2.000000
0.000000
0.000000
0.000000
140.000000
255.000000
255.000000
255.000000
255.000000
202.000000
29.000000
0.000000
0.000000
0.000000
0.000000
0.000000
0.000000
0.000000
0.000000
0.000000
0.000000
0.000000
0.000000
0.000000
0.000000
0.000000
0.000000
0.000000
2.000000
5.000000
2.000000
0.000000
2.000000
0.000000
0.000000
0.000000
140.000000
255.000000
255.000000
254.000000
255.000000
255.000000
170.000000
33.000000
0.000000
3.000000
6.000000
5.000000
5.000000
5.000000
5.000000
5.000000
5.000000
5.000000
5.000000
5.000000
6.000000
6.000000
6.000000
2.000000
0.000000
4.000000
3.000000
0.000000
2.000000
0.000000
0.000000
0.000000
140.000000
255.000000
255.000000
255.000000
253.000000
255.000000
255.000000
224.000000
179.000000
174.000000
179.000000
178.000000
178.000000
178.000000
178.000000
178.000000
178.000000
178.000000
178.000000
178.000000
179.000000
180.000000
189.000000
165.000000
58.000000
0.000000
0.000000
0.000000
1.000000
0.000000
0.000000
0.000000
140.000000
255.000000
255.000000
255.000000
255.000000
255.000000
255.000000
255.000000
255.000000
255.000000
255.000000
255.000000
255.000000
255.000000
255.000000
255.000000
255.000000
255.000000
255.000000
255.000000
255.000000
255.000000
255.000000
255.000000
164.000000
6.000000
0.000000
0.000000
0.000000
0.000000
0.000000
0.000000
140.000000
255.000000
255.000000
255.000000
255.000000
255.000000
255.000000
255.000000
255.000000
255.000000
255.000000
255.000000
255.000000
255.000000
255.000000
255.000000
255.000000
255.000000
255.000000
255.000000
254.000000
255.000000
255.000000
255.000000
188.000000
21.000000
0.000000
0.000000
0.000000
1.000000
0.000000
0.000000
140.000000
255.000000
255.000000
255.000000
255.000000
255.000000
255.000000
255.000000
255.000000
255.000000
255.000000
255.000000
255.000000
255.000000
255.000000
255.000000
255.000000
255.000000
255.000000
255.000000
254.000000
254.000000
255.000000
255.000000
195.000000
25.000000
0.000000
0.000000
0.000000
1.000000
0.000000
0.000000
140.000000
255.000000
255.000000
255.000000
255.000000
255.000000
255.000000
255.000000
255.000000
255.000000
255.000000
255.000000
255.000000
255.000000
255.000000
255.000000
255.000000
255.000000
255.000000
255.000000
254.000000
253.000000
255.000000
255.000000
193.000000
25.000000
0.000000
0.000000
1.000000
0.000000
0.000000
0.000000
139.000000
255.000000
255.000000
255.000000
255.000000
255.000000
255.000000
255.000000
255.000000
255.000000
255.000000
255.000000
255.000000
255.000000
255.000000
255.000000
255.000000
255.000000
255.000000
255.000000
254.000000
254.000000
255.000000
255.000000
192.000000
23.000000
0.000000
1.000000
1.000000
1.000000
0.000000
0.000000
137.000000
255.000000
255.000000
255.000000
255.000000
255.000000
255.000000
255.000000
255.000000
255.000000
255.000000
255.000000
255.000000
255.000000
255.000000
255.000000
255.000000
255.000000
255.000000
255.000000
255.000000
255.000000
255.000000
255.000000
189.000000
23.000000
0.000000
1.000000
0.000000
1.000000
0.000000
0.000000
144.000000
255.000000
255.000000
255.000000
255.000000
255.000000
255.000000
255.000000
255.000000
255.000000
255.000000
255.000000
255.000000
255.000000
255.000000
255.000000
255.000000
255.000000
255.000000
255.000000
255.000000
255.000000
255.000000
255.000000
201.000000
29.000000
0.000000
1.000000
1.000000
2.000000
0.000000
5.000000
165.000000
255.000000
255.000000
255.000000
255.000000
255.000000
255.000000
255.000000
255.000000
255.000000
255.000000
255.000000
255.000000
255.000000
255.000000
255.000000
255.000000
255.000000
255.000000
255.000000
255.000000
255.000000
255.000000
255.000000
239.000000
68.000000
0.000000
2.000000
5.000000
3.000000
0.000000
29.000000
207.000000
255.000000
255.000000
255.000000
255.000000
255.000000
255.000000
255.000000
255.000000
255.000000
255.000000
255.000000
255.000000
255.000000
255.000000
255.000000
255.000000
255.000000
255.000000
255.000000
255.000000
255.000000
255.000000
255.000000
255.000000
162.000000
5.000000
0.000000
0.000000
0.000000
0.000000
105.000000
255.000000
255.000000
255.000000
255.000000
255.000000
255.000000
255.000000
255.000000
255.000000
255.000000
255.000000
255.000000
255.000000
255.000000
255.000000
255.000000
255.000000
255.000000
255.000000
255.000000
255.000000
255.000000
255.000000
255.000000
255.000000
255.000000
137.000000
12.000000
0.000000
0.000000
87.000000
230.000000
255.000000
253.000000
255.000000
255.000000
255.000000
255.000000
255.000000
255.000000
255.000000
255.000000
255.000000
255.000000
255.000000
255.000000
255.000000
255.000000
255.000000
255.000000
255.000000
255.000000
255.000000
255.000000
255.000000
255.000000
254.000000
255.000000
255.000000
205.000000
164.000000
190.000000
247.000000
255.000000
253.000000
254.000000
255.000000
255.000000
255.000000
255.000000
255.000000
255.000000
255.000000
255.000000
255.000000
255.000000
255.000000
255.000000
255.000000
255.000000
255.000000
255.000000
255.000000
255.000000
255.000000
255.000000
255.000000
255.000000
255.000000
254.000000
255.000000
255.000000
255.000000
255.000000
255.000000
255.000000
254.000000
253.000000
255.000000
