254.000000
251.000000
250.000000
254.000000
252.000000
248.000000
255.000000
252.000000
251.000000
255.000000
255.000000
255.000000
255.000000
255.000000
255.000000
255.000000
255.000000
255.000000
255.000000
255.000000
255.000000
255.000000
255.000000
255.000000
255.000000
255.000000
255.000000
255.000000
255.000000
255.000000
255.000000
255.000000
255.000000
249.000000
242.000000
255.000000
255.000000
255.000000
255.000000
251.000000
251.000000
254.000000
255.000000
255.000000
254.000000
255.000000
255.000000
255.000000
255.000000
255.000000
255.000000
255.000000
255.000000
255.000000
255.000000
255.000000
255.000000
255.000000
255.000000
255.000000
255.000000
255.000000
255.000000
255.000000
255.000000
252.000000
252.000000
221.000000
126.000000
112.000000
201.000000
253.000000
254.000000
253.000000
255.000000
254.000000
254.000000
254.000000
255.000000
255.000000
255.000000
255.000000
255.000000
255.000000
255.000000
255.000000
255.000000
255.000000
255.000000
255.000000
255.000000
255.000000
255.000000
255.000000
255.000000
255.000000
255.000000
255.000000
255.000000
162.000000
0.000000
0.000000
115.000000
248.000000
255.000000
253.000000
255.000000
254.000000
254.000000
254.000000
255.000000
255.000000
255.000000
255.000000
255.000000
255.000000
255.000000
255.000000
255.000000
255.000000
255.000000
255.000000
255.000000
255.000000
255.000000
255.000000
255.000000
255.000000
255.000000
255.000000
250.000000
152.000000
0.000000
0.000000
113.000000
244.000000
255.000000
253.000000
255.000000
254.000000
254.000000
254.000000
255.000000
255.000000
255.000000
255.000000
255.000000
255.000000
255.000000
255.000000
255.000000
255.000000
255.000000
255.000000
255.000000
255.000000
255.000000
255.000000
255.000000
255.000000
255.000000
254.000000
254.000000
183.000000
5.000000
22.000000
185.000000
255.000000
254.000000
253.000000
255.000000
255.000000
255.000000
255.000000
255.000000
255.000000
255.000000
255.000000
255.000000
255.000000
255.000000
255.000000
255.000000
255.000000
255.000000
255.000000
255.000000
255.000000
255.000000
255.000000
255.000000
255.000000
255.000000
249.000000
255.000000
214.000000
20.000000
42.000000
223.000000
255.000000
253.000000
254.000000
255.000000
255.000000
255.000000
255.000000
255.000000
255.000000
255.000000
255.000000
255.000000
255.000000
255.000000
255.000000
255.000000
255.000000
255.000000
255.000000
255.000000
255.000000
255.000000
255.000000
255.000000
255.000000
255.000000
251.000000
255.000000
210.000000
15.000000
57.000000
231.000000
255.000000
252.000000
255.000000
255.000000
254.000000
254.000000
255.000000
255.000000
255.000000
255.000000
255.000000
255.000000
255.000000
255.000000
255.000000
255.000000
255.000000
255.000000
255.000000
255.000000
255.000000
255.000000
255.000000
255.000000
255.000000
253.000000
253.000000
255.000000
201.000000
4.000000
76.000000
247.000000
255.000000
252.000000
254.000000
254.000000
254.000000
254.000000
255.000000
255.000000
255.000000
255.000000
255.000000
255.000000
255.000000
255.000000
255.000000
255.000000
255.000000
255.000000
255.000000
255.000000
255.000000
255.000000
255.000000
255.000000
255.000000
255.000000
255.000000
255.000000
183.000000
0.000000
87.000000
255.000000
254.000000
251.000000
255.000000
254.000000
254.000000
254.000000
255.000000
255.000000
255.000000
255.000000
255.000000
255.000000
255.000000
255.000000
255.000000
255.000000
255.000000
255.000000
255.000000
255.000000
255.000000
255.000000
255.000000
255.000000
255.000000
255.000000
255.000000
255.000000
159.000000
0.000000
105.000000
255.000000
254.000000
250.000000
255.000000
255.000000
254.000000
255.000000
255.000000
255.000000
255.000000
255.000000
255.000000
255.000000
255.000000
255.000000
255.000000
255.000000
255.000000
255.000000
255.000000
255.000000
255.000000
255.000000
255.000000
255.000000
255.000000
255.000000
255.000000
249.000000
128.000000
0.000000
136.000000
255.000000
255.000000
254.000000
255.000000
255.000000
255.000000
255.000000
255.000000
255.000000
255.000000
255.000000
255.000000
255.000000
255.000000
255.000000
255.000000
255.000000
255.000000
255.000000
255.000000
255.000000
255.000000
255.000000
255.000000
255.000000
255.000000
255.000000
255.000000
237.000000
95.000000
14.000000
176.000000
255.000000
255.000000
255.000000
254.000000
254.000000
255.000000
255.000000
255.000000
255.000000
255.000000
255.000000
255.000000
255.000000
255.000000
255.000000
255.000000
255.000000
255.000000
255.000000
255.000000
255.000000
255.000000
255.000000
255.000000
255.000000
255.000000
255.000000
255.000000
229.000000
76.000000
32.000000
201.000000
255.000000
255.000000
255.000000
252.000000
253.000000
255.000000
255.000000
255.000000
255.000000
255.000000
255.000000
255.000000
255.000000
255.000000
255.000000
255.000000
255.000000
255.000000
255.000000
255.000000
255.000000
255.000000
255.000000
255.000000
255.000000
255.000000
255.000000
255.000000
222.000000
64.000000
37.000000
208.000000
255.000000
254.000000
253.000000
252.000000
254.000000
255.000000
255.000000
255.000000
255.000000
255.000000
255.000000
255.000000
255.000000
255.000000
255.000000
255.000000
255.000000
255.000000
255.000000
255.000000
255.000000
255.000000
255.000000
255.000000
255.000000
255.000000
255.000000
255.000000
220.000000
61.000000
37.000000
207.000000
255.000000
253.000000
253.000000
253.000000
255.000000
255.000000
254.000000
254.000000
255.000000
255.000000
255.000000
255.000000
255.000000
255.000000
255.000000
255.000000
255.000000
255.000000
255.000000
255.000000
255.000000
255.000000
255.000000
255.000000
255.000000
255.000000
255.000000
255.000000
220.000000
63.000000
38.000000
207.000000
255.000000
253.000000
254.000000
254.000000
255.000000
254.000000
253.000000
254.000000
255.000000
255.000000
255.000000
255.000000
255.000000
255.000000
255.000000
255.000000
255.000000
255.000000
255.000000
254.000000
255.000000
255.000000
255.000000
255.000000
255.000000
255.000000
255.000000
255.000000
219.000000
62.000000
42.000000
212.000000
255.000000
253.000000
254.000000
254.000000
254.000000
254.000000
254.000000
254.000000
255.000000
255.000000
255.000000
255.000000
255.000000
255.000000
255.000000
254.000000
254.000000
254.000000
254.000000
254.000000
254.000000
255.000000
254.000000
253.000000
254.000000
252.000000
254.000000
255.000000
221.000000
60.000000
46.000000
217.000000
255.000000
251.000000
255.000000
254.000000
254.000000
254.000000
254.000000
254.000000
254.000000
254.000000
254.000000
254.000000
254.000000
254.000000
254.000000
255.000000
251.000000
252.000000
254.000000
254.000000
255.000000
254.000000
253.000000
253.000000
255.000000
255.000000
254.000000
255.000000
225.000000
60.000000
47.000000
220.000000
255.000000
251.000000
255.000000
254.000000
254.000000
254.000000
254.000000
254.000000
255.000000
255.000000
255.000000
254.000000
255.000000
255.000000
255.000000
254.000000
253.000000
255.000000
254.000000
252.000000
253.000000
253.000000
255.000000
255.000000
254.000000
254.000000
255.000000
255.000000
229.000000
63.000000
54.000000
226.000000
255.000000
252.000000
255.000000
254.000000
254.000000
254.000000
254.000000
254.000000
254.000000
254.000000
254.000000
253.000000
254.000000
254.000000
254.000000
252.000000
253.000000
254.000000
253.000000
254.000000
253.000000
253.000000
251.000000
253.000000
255.000000
254.000000
255.000000
255.000000
228.000000
66.000000
60.000000
235.000000
255.000000
251.000000
255.000000
255.000000
255.000000
255.000000
255.000000
255.000000
255.000000
255.000000
255.000000
255.000000
255.000000
255.000000
255.000000
254.000000
255.000000
254.000000
255.000000
254.000000
251.000000
255.000000
254.000000
251.000000
252.000000
255.000000
255.000000
255.000000
219.000000
55.000000
43.000000
219.000000
255.000000
253.000000
252.000000
252.000000
251.000000
251.000000
251.000000
251.000000
250.000000
250.000000
251.000000
251.000000
251.000000
251.000000
251.000000
253.000000
252.000000
249.000000
246.000000
248.000000
255.000000
255.000000
255.000000
255.000000
247.000000
253.000000
255.000000
255.000000
201.000000
23.000000
12.000000
160.000000
255.000000
255.000000
255.000000
255.000000
255.000000
255.000000
255.000000
255.000000
255.000000
255.000000
255.000000
255.000000
255.000000
255.000000
255.000000
255.000000
255.000000
255.000000
254.000000
255.000000
255.000000
214.000000
223.000000
255.000000
253.000000
252.000000
255.000000
255.000000
165.000000
5.000000
0.000000
63.000000
148.000000
183.000000
206.000000
210.000000
214.000000
217.000000
218.000000
223.000000
222.000000
209.000000
187.000000
183.000000
185.000000
185.000000
186.000000
180.000000
170.000000
163.000000
173.000000
172.000000
132.000000
80.000000
95.000000
176.000000
254.000000
255.000000
255.000000
255.000000
150.000000
4.000000
0.000000
3.000000
6.000000
16.000000
39.000000
48.000000
57.000000
60.000000
63.000000
71.000000
68.000000
49.000000
20.000000
15.000000
20.000000
22.000000
23.000000
17.000000
11.000000
1.000000
9.000000
11.000000
0.000000
0.000000
0.000000
65.000000
250.000000
255.000000
255.000000
255.000000
182.000000
41.000000
0.000000
13.000000
11.000000
0.000000
0.000000
0.000000
0.000000
0.000000
0.000000
0.000000
0.000000
0.000000
0.000000
0.000000
0.000000
0.000000
0.000000
0.000000
0.000000
0.000000
0.000000
0.000000
3.000000
0.000000
2.000000
105.000000
254.000000
255.000000
255.000000
255.000000
234.000000
118.000000
0.000000
0.000000
0.000000
0.000000
0.000000
0.000000
0.000000
0.000000
1.000000
5.000000
14.000000
28.000000
36.000000
38.000000
41.000000
46.000000
52.000000
62.000000
75.000000
94.000000
99.000000
110.000000
134.000000
114.000000
131.000000
214.000000
255.000000
255.000000
255.000000
252.000000
255.000000
222.000000
96.000000
21.000000
58.000000
98.000000
118.000000
125.000000
129.000000
142.000000
147.000000
149.000000
165.000000
184.000000
198.000000
205.000000
207.000000
211.000000
217.000000
228.000000
240.000000
251.000000
255.000000
255.000000
255.000000
254.000000
255.000000
255.000000
252.000000
251.000000
255.000000
251.000000
255.000000
255.000000
220.000000
174.000000
208.000000
249.000000
255.000000
255.000000
255.000000
255.000000
255.000000
255.000000
255.000000
255.000000
255.000000
255.000000
255.000000
255.000000
255.000000
255.000000
255.000000
255.000000
255.000000
255.000000
255.000000
255.000000
255.000000
251.000000
251.000000
254.000000
255.000000
254.000000
253.000000
255.000000
255.000000
255.000000
255.000000
255.000000
255.000000
255.000000
255.000000
255.000000
255.000000
255.000000
255.000000
255.000000
255.000000
255.000000
255.000000
255.000000
255.000000
255.000000
254.000000
253.000000
253.000000
253.000000
253.000000
254.000000
253.000000
255.000000
255.000000
255.000000
255.000000
255.000000
255.000000
255.000000
255.000000
255.000000
253.000000
255.000000
255.000000
255.000000
255.000000
255.000000
255.000000
255.000000
255.000000
255.000000
255.000000
255.000000
255.000000
255.000000
255.000000
255.000000
254.000000
255.000000
255.000000
255.000000
255.000000
255.000000
255.000000
255.000000
255.000000
255.000000
