255.000000
253.000000
252.000000
253.000000
254.000000
254.000000
252.000000
251.000000
255.000000
255.000000
255.000000
255.000000
251.000000
252.000000
255.000000
255.000000
255.000000
255.000000
255.000000
255.000000
255.000000
255.000000
255.000000
255.000000
255.000000
255.000000
255.000000
255.000000
255.000000
255.000000
255.000000
255.000000
255.000000
251.000000
251.000000
253.000000
248.000000
248.000000
255.000000
255.000000
255.000000
248.000000
250.000000
255.000000
250.000000
252.000000
253.000000
254.000000
255.000000
255.000000
255.000000
255.000000
255.000000
255.000000
255.000000
255.000000
255.000000
255.000000
255.000000
255.000000
255.000000
255.000000
255.000000
255.000000
255.000000
255.000000
253.000000
251.000000
255.000000
255.000000
255.000000
239.000000
156.000000
90.000000
103.000000
212.000000
255.000000
253.000000
251.000000
253.000000
255.000000
255.000000
255.000000
255.000000
255.000000
255.000000
255.000000
255.000000
255.000000
255.000000
255.000000
255.000000
255.000000
255.000000
255.000000
255.000000
255.000000
253.000000
252.000000
254.000000
250.000000
193.000000
137.000000
91.000000
20.000000
0.000000
0.000000
86.000000
237.000000
255.000000
251.000000
254.000000
255.000000
255.000000
255.000000
255.000000
255.000000
255.000000
255.000000
255.000000
255.000000
255.000000
255.000000
255.000000
255.000000
255.000000
255.000000
255.000000
255.000000
250.000000
254.000000
255.000000
162.000000
29.000000
0.000000
0.000000
0.000000
3.000000
0.000000
4.000000
158.000000
255.000000
253.000000
253.000000
253.000000
254.000000
255.000000
255.000000
255.000000
255.000000
255.000000
255.000000
255.000000
255.000000
255.000000
255.000000
255.000000
255.000000
255.000000
255.000000
255.000000
254.000000
255.000000
245.000000
76.000000
0.000000
4.000000
3.000000
6.000000
4.000000
0.000000
0.000000
98.000000
252.000000
255.000000
253.000000
253.000000
253.000000
254.000000
255.000000
255.000000
255.000000
255.000000
255.000000
255.000000
255.000000
255.000000
255.000000
255.000000
255.000000
255.000000
255.000000
255.000000
255.000000
255.000000
243.000000
77.000000
0.000000
5.000000
4.000000
2.000000
8.000000
5.000000
0.000000
49.000000
213.000000
255.000000
254.000000
254.000000
254.000000
254.000000
255.000000
255.000000
255.000000
255.000000
255.000000
255.000000
255.000000
255.000000
255.000000
255.000000
255.000000
255.000000
255.000000
255.000000
253.000000
255.000000
255.000000
169.000000
32.000000
0.000000
1.000000
3.000000
13.000000
11.000000
0.000000
1.000000
152.000000
255.000000
253.000000
255.000000
254.000000
255.000000
254.000000
253.000000
254.000000
255.000000
255.000000
254.000000
255.000000
255.000000
254.000000
254.000000
255.000000
255.000000
255.000000
255.000000
254.000000
254.000000
254.000000
252.000000
179.000000
67.000000
0.000000
3.000000
7.000000
8.000000
6.000000
0.000000
99.000000
255.000000
255.000000
253.000000
252.000000
255.000000
254.000000
251.000000
254.000000
255.000000
255.000000
253.000000
255.000000
252.000000
252.000000
255.000000
255.000000
255.000000
255.000000
255.000000
254.000000
251.000000
250.000000
255.000000
255.000000
190.000000
13.000000
0.000000
2.000000
4.000000
12.000000
0.000000
43.000000
221.000000
255.000000
254.000000
251.000000
255.000000
254.000000
248.000000
253.000000
254.000000
254.000000
255.000000
253.000000
252.000000
254.000000
254.000000
252.000000
253.000000
254.000000
255.000000
255.000000
252.000000
252.000000
254.000000
255.000000
249.000000
69.000000
0.000000
3.000000
2.000000
5.000000
0.000000
2.000000
167.000000
255.000000
254.000000
254.000000
255.000000
254.000000
252.000000
254.000000
254.000000
251.000000
252.000000
255.000000
255.000000
255.000000
255.000000
252.000000
253.000000
255.000000
255.000000
254.000000
254.000000
254.000000
249.000000
251.000000
255.000000
143.000000
0.000000
3.000000
5.000000
4.000000
3.000000
0.000000
115.000000
255.000000
253.000000
254.000000
252.000000
251.000000
255.000000
254.000000
254.000000
254.000000
254.000000
255.000000
239.000000
232.000000
255.000000
255.000000
249.000000
255.000000
254.000000
251.000000
252.000000
251.000000
248.000000
251.000000
255.000000
201.000000
22.000000
0.000000
9.000000
6.000000
2.000000
0.000000
50.000000
229.000000
255.000000
254.000000
252.000000
252.000000
255.000000
254.000000
247.000000
251.000000
255.000000
203.000000
80.000000
65.000000
169.000000
252.000000
255.000000
253.000000
255.000000
252.000000
253.000000
254.000000
251.000000
253.000000
255.000000
244.000000
84.000000
0.000000
3.000000
1.000000
4.000000
0.000000
7.000000
195.000000
255.000000
253.000000
255.000000
254.000000
251.000000
253.000000
248.000000
255.000000
241.000000
76.000000
0.000000
0.000000
24.000000
167.000000
255.000000
254.000000
255.000000
255.000000
253.000000
253.000000
254.000000
251.000000
254.000000
255.000000
175.000000
5.000000
0.000000
5.000000
3.000000
0.000000
0.000000
153.000000
255.000000
250.000000
254.000000
254.000000
250.000000
249.000000
255.000000
236.000000
94.000000
0.000000
1.000000
12.000000
0.000000
64.000000
232.000000
255.000000
255.000000
255.000000
253.000000
251.000000
252.000000
251.000000
252.000000
255.000000
225.000000
35.000000
0.000000
8.000000
4.000000
2.000000
0.000000
118.000000
255.000000
254.000000
254.000000
252.000000
250.000000
255.000000
249.000000
89.000000
0.000000
0.000000
5.000000
10.000000
0.000000
36.000000
220.000000
255.000000
255.000000
255.000000
253.000000
253.000000
255.000000
255.000000
252.000000
255.000000
245.000000
73.000000
0.000000
6.000000
4.000000
6.000000
0.000000
84.000000
244.000000
255.000000
250.000000
255.000000
255.000000
228.000000
94.000000
0.000000
0.000000
4.000000
7.000000
2.000000
0.000000
41.000000
219.000000
255.000000
255.000000
254.000000
254.000000
254.000000
253.000000
253.000000
252.000000
255.000000
255.000000
115.000000
0.000000
2.000000
5.000000
5.000000
0.000000
29.000000
210.000000
255.000000
255.000000
255.000000
218.000000
68.000000
0.000000
5.000000
7.000000
8.000000
7.000000
3.000000
0.000000
48.000000
233.000000
255.000000
255.000000
254.000000
255.000000
255.000000
251.000000
253.000000
255.000000
255.000000
255.000000
156.000000
2.000000
0.000000
13.000000
8.000000
2.000000
3.000000
176.000000
255.000000
255.000000
177.000000
54.000000
0.000000
7.000000
2.000000
4.000000
9.000000
7.000000
0.000000
0.000000
98.000000
255.000000
253.000000
255.000000
254.000000
255.000000
255.000000
253.000000
254.000000
255.000000
254.000000
255.000000
209.000000
34.000000
0.000000
7.000000
6.000000
1.000000
2.000000
173.000000
255.000000
153.000000
16.000000
0.000000
6.000000
11.000000
3.000000
8.000000
4.000000
0.000000
0.000000
73.000000
216.000000
255.000000
251.000000
255.000000
254.000000
254.000000
255.000000
255.000000
253.000000
254.000000
255.000000
255.000000
253.000000
70.000000
0.000000
3.000000
7.000000
0.000000
8.000000
155.000000
143.000000
3.000000
0.000000
1.000000
9.000000
9.000000
3.000000
5.000000
0.000000
0.000000
68.000000
218.000000
255.000000
250.000000
253.000000
255.000000
255.000000
255.000000
255.000000
254.000000
254.000000
253.000000
255.000000
255.000000
255.000000
85.000000
0.000000
9.000000
9.000000
3.000000
5.000000
37.000000
17.000000
0.000000
2.000000
5.000000
6.000000
6.000000
11.000000
0.000000
0.000000
83.000000
222.000000
255.000000
248.000000
252.000000
255.000000
255.000000
255.000000
255.000000
255.000000
255.000000
254.000000
255.000000
254.000000
255.000000
255.000000
114.000000
0.000000
11.000000
5.000000
4.000000
8.000000
0.000000
0.000000
12.000000
9.000000
5.000000
9.000000
3.000000
0.000000
0.000000
68.000000
222.000000
255.000000
253.000000
247.000000
251.000000
253.000000
255.000000
255.000000
255.000000
255.000000
255.000000
254.000000
254.000000
254.000000
254.000000
255.000000
151.000000
2.000000
3.000000
5.000000
8.000000
6.000000
15.000000
11.000000
7.000000
20.000000
6.000000
0.000000
0.000000
12.000000
98.000000
225.000000
255.000000
250.000000
251.000000
253.000000
254.000000
251.000000
255.000000
255.000000
255.000000
255.000000
254.000000
254.000000
253.000000
254.000000
254.000000
255.000000
132.000000
1.000000
2.000000
7.000000
12.000000
5.000000
11.000000
15.000000
4.000000
16.000000
0.000000
0.000000
36.000000
170.000000
249.000000
255.000000
252.000000
248.000000
252.000000
252.000000
255.000000
252.000000
255.000000
255.000000
255.000000
255.000000
253.000000
253.000000
253.000000
255.000000
255.000000
254.000000
80.000000
0.000000
7.000000
6.000000
5.000000
11.000000
1.000000
10.000000
12.000000
0.000000
0.000000
56.000000
200.000000
255.000000
255.000000
252.000000
250.000000
247.000000
252.000000
251.000000
254.000000
255.000000
255.000000
255.000000
255.000000
255.000000
254.000000
254.000000
254.000000
254.000000
255.000000
255.000000
121.000000
3.000000
8.000000
15.000000
0.000000
6.000000
5.000000
7.000000
1.000000
5.000000
87.000000
212.000000
255.000000
255.000000
249.000000
254.000000
252.000000
252.000000
254.000000
254.000000
253.000000
255.000000
255.000000
255.000000
255.000000
255.000000
255.000000
255.000000
254.000000
254.000000
253.000000
255.000000
213.000000
32.000000
0.000000
10.000000
7.000000
8.000000
2.000000
0.000000
0.000000
89.000000
234.000000
255.000000
255.000000
250.000000
250.000000
255.000000
253.000000
254.000000
255.000000
255.000000
254.000000
254.000000
255.000000
255.000000
255.000000
255.000000
255.000000
255.000000
254.000000
254.000000
253.000000
255.000000
250.000000
115.000000
0.000000
0.000000
0.000000
0.000000
0.000000
32.000000
105.000000
213.000000
255.000000
255.000000
247.000000
247.000000
254.000000
254.000000
254.000000
255.000000
255.000000
255.000000
255.000000
255.000000
255.000000
255.000000
255.000000
255.000000
254.000000
254.000000
255.000000
254.000000
252.000000
252.000000
255.000000
240.000000
99.000000
41.000000
24.000000
6.000000
78.000000
187.000000
251.000000
255.000000
253.000000
252.000000
251.000000
252.000000
255.000000
252.000000
251.000000
253.000000
255.000000
255.000000
255.000000
255.000000
255.000000
255.000000
255.000000
255.000000
254.000000
255.000000
255.000000
253.000000
250.000000
251.000000
252.000000
255.000000
235.000000
197.000000
177.000000
170.000000
221.000000
255.000000
255.000000
255.000000
254.000000
252.000000
253.000000
254.000000
254.000000
254.000000
253.000000
255.000000
255.000000
255.000000
255.000000
255.000000
255.000000
255.000000
255.000000
255.000000
255.000000
255.000000
255.000000
254.000000
251.000000
254.000000
254.000000
246.000000
255.000000
255.000000
255.000000
255.000000
255.000000
253.000000
250.000000
252.000000
255.000000
255.000000
255.000000
253.000000
252.000000
255.000000
255.000000
255.000000
255.000000
255.000000
255.000000
255.000000
