255.000000
255.000000
255.000000
255.000000
255.000000
195.000000
187.000000
253.000000
255.000000
255.000000
255.000000
254.000000
254.000000
255.000000
255.000000
255.000000
255.000000
255.000000
255.000000
255.000000
255.000000
255.000000
255.000000
255.000000
255.000000
255.000000
255.000000
255.000000
255.000000
255.000000
255.000000
255.000000
254.000000
253.000000
255.000000
255.000000
143.000000
28.000000
22.000000
114.000000
251.000000
255.000000
254.000000
254.000000
254.000000
254.000000
255.000000
255.000000
255.000000
255.000000
255.000000
255.000000
255.000000
255.000000
255.000000
255.000000
255.000000
255.000000
255.000000
255.000000
255.000000
255.000000
255.000000
255.000000
253.000000
254.000000
255.000000
207.000000
12.000000
0.000000
0.000000
0.000000
176.000000
255.000000
253.000000
254.000000
255.000000
254.000000
255.000000
255.000000
255.000000
255.000000
255.000000
255.000000
255.000000
255.000000
255.000000
255.000000
255.000000
255.000000
255.000000
255.000000
255.000000
255.000000
255.000000
255.000000
255.000000
255.000000
255.000000
112.000000
0.000000
5.000000
6.000000
0.000000
78.000000
255.000000
253.000000
254.000000
254.000000
255.000000
255.000000
255.000000
255.000000
255.000000
255.000000
255.000000
255.000000
255.000000
255.000000
255.000000
255.000000
255.000000
255.000000
255.000000
255.000000
255.000000
255.000000
255.000000
255.000000
255.000000
251.000000
42.000000
0.000000
2.000000
3.000000
0.000000
28.000000
238.000000
255.000000
254.000000
255.000000
255.000000
255.000000
255.000000
255.000000
255.000000
255.000000
255.000000
255.000000
255.000000
255.000000
255.000000
255.000000
255.000000
255.000000
255.000000
255.000000
255.000000
255.000000
255.000000
254.000000
255.000000
225.000000
6.000000
0.000000
1.000000
1.000000
0.000000
6.000000
205.000000
255.000000
252.000000
255.000000
255.000000
255.000000
255.000000
255.000000
255.000000
255.000000
255.000000
255.000000
255.000000
255.000000
255.000000
255.000000
255.000000
255.000000
255.000000
255.000000
255.000000
255.000000
255.000000
253.000000
255.000000
192.000000
0.000000
0.000000
0.000000
0.000000
0.000000
0.000000
181.000000
255.000000
253.000000
255.000000
255.000000
255.000000
255.000000
255.000000
255.000000
255.000000
255.000000
255.000000
255.000000
255.000000
255.000000
255.000000
255.000000
255.000000
255.000000
255.000000
255.000000
255.000000
255.000000
254.000000
255.000000
173.000000
0.000000
0.000000
0.000000
0.000000
0.000000
0.000000
170.000000
255.000000
255.000000
254.000000
255.000000
255.000000
255.000000
255.000000
255.000000
255.000000
255.000000
255.000000
255.000000
255.000000
255.000000
255.000000
255.000000
255.000000
255.000000
255.000000
255.000000
255.000000
255.000000
254.000000
255.000000
163.000000
0.000000
0.000000
0.000000
0.000000
0.000000
0.000000
158.000000
255.000000
255.000000
254.000000
255.000000
255.000000
255.000000
255.000000
255.000000
255.000000
255.000000
255.000000
255.000000
255.000000
255.000000
255.000000
255.000000
255.000000
255.000000
255.000000
255.000000
255.000000
255.000000
255.000000
255.000000
162.000000
0.000000
0.000000
1.000000
0.000000
0.000000
0.000000
150.000000
255.000000
255.000000
254.000000
255.000000
255.000000
255.000000
255.000000
255.000000
255.000000
255.000000
255.000000
255.000000
255.000000
255.000000
255.000000
255.000000
255.000000
255.000000
255.000000
255.000000
255.000000
255.000000
254.000000
255.000000
163.000000
0.000000
0.000000
0.000000
0.000000
0.000000
0.000000
151.000000
255.000000
254.000000
254.000000
255.000000
255.000000
255.000000
255.000000
255.000000
255.000000
255.000000
255.000000
255.000000
255.000000
255.000000
255.000000
255.000000
255.000000
255.000000
255.000000
255.000000
255.000000
255.000000
254.000000
255.000000
163.000000
0.000000
0.000000
0.000000
0.000000
0.000000
0.000000
151.000000
255.000000
254.000000
254.000000
255.000000
255.000000
255.000000
255.000000
255.000000
255.000000
255.000000
255.000000
255.000000
255.000000
255.000000
255.000000
255.000000
255.000000
255.000000
255.000000
255.000000
255.000000
255.000000
254.000000
255.000000
163.000000
0.000000
0.000000
0.000000
0.000000
0.000000
0.000000
153.000000
255.000000
254.000000
255.000000
254.000000
255.000000
255.000000
255.000000
255.000000
255.000000
255.000000
255.000000
255.000000
255.000000
255.000000
255.000000
255.000000
255.000000
255.000000
255.000000
255.000000
255.000000
255.000000
254.000000
255.000000
163.000000
0.000000
0.000000
0.000000
0.000000
0.000000
0.000000
151.000000
255.000000
254.000000
254.000000
255.000000
255.000000
255.000000
255.000000
255.000000
255.000000
255.000000
255.000000
255.000000
255.000000
255.000000
255.000000
255.000000
255.000000
255.000000
255.000000
255.000000
255.000000
255.000000
254.000000
255.000000
163.000000
0.000000
0.000000
0.000000
0.000000
0.000000
0.000000
154.000000
255.000000
254.000000
254.000000
255.000000
255.000000
255.000000
255.000000
255.000000
255.000000
255.000000
255.000000
255.000000
255.000000
255.000000
255.000000
255.000000
255.000000
255.000000
255.000000
255.000000
255.000000
255.000000
254.000000
255.000000
163.000000
0.000000
0.000000
0.000000
0.000000
0.000000
0.000000
152.000000
255.000000
253.000000
255.000000
255.000000
255.000000
255.000000
255.000000
255.000000
255.000000
255.000000
255.000000
255.000000
255.000000
255.000000
255.000000
255.000000
255.000000
255.000000
255.000000
255.000000
255.000000
255.000000
254.000000
255.000000
163.000000
0.000000
0.000000
0.000000
0.000000
2.000000
0.000000
115.000000
255.000000
255.000000
255.000000
255.000000
255.000000
255.000000
255.000000
255.000000
255.000000
255.000000
255.000000
255.000000
255.000000
255.000000
255.000000
255.000000
255.000000
255.000000
255.000000
255.000000
253.000000
255.000000
253.000000
255.000000
163.000000
0.000000
0.000000
0.000000
0.000000
2.000000
0.000000
35.000000
221.000000
252.000000
246.000000
247.000000
247.000000
247.000000
247.000000
247.000000
247.000000
247.000000
247.000000
247.000000
247.000000
247.000000
247.000000
247.000000
245.000000
247.000000
255.000000
255.000000
249.000000
251.000000
254.000000
255.000000
161.000000
0.000000
0.000000
0.000000
0.000000
2.000000
2.000000
0.000000
65.000000
97.000000
92.000000
93.000000
93.000000
93.000000
93.000000
93.000000
93.000000
93.000000
93.000000
93.000000
93.000000
92.000000
92.000000
94.000000
91.000000
93.000000
139.000000
241.000000
255.000000
253.000000
254.000000
255.000000
163.000000
0.000000
0.000000
0.000000
0.000000
2.000000
2.000000
4.000000
0.000000
0.000000
0.000000
0.000000
0.000000
0.000000
0.000000
0.000000
0.000000
0.000000
0.000000
0.000000
0.000000
0.000000
0.000000
0.000000
0.000000
0.000000
1.000000
110.000000
254.000000
255.000000
255.000000
255.000000
172.000000
0.000000
0.000000
0.000000
0.000000
1.000000
3.000000
4.000000
0.000000
0.000000
0.000000
0.000000
0.000000
0.000000
0.000000
0.000000
0.000000
0.000000
0.000000
0.000000
0.000000
0.000000
0.000000
0.000000
0.000000
0.000000
0.000000
2.000000
205.000000
255.000000
254.000000
255.000000
190.000000
0.000000
0.000000
1.000000
0.000000
0.000000
2.000000
3.000000
1.000000
2.000000
1.000000
0.000000
0.000000
0.000000
0.000000
0.000000
0.000000
0.000000
0.000000
0.000000
0.000000
1.000000
2.000000
1.000000
1.000000
2.000000
1.000000
0.000000
142.000000
255.000000
253.000000
255.000000
219.000000
2.000000
0.000000
1.000000
1.000000
0.000000
1.000000
1.000000
1.000000
1.000000
1.000000
0.000000
0.000000
0.000000
0.000000
0.000000
0.000000
0.000000
0.000000
0.000000
0.000000
1.000000
0.000000
1.000000
0.000000
1.000000
1.000000
0.000000
119.000000
255.000000
254.000000
255.000000
248.000000
31.000000
0.000000
1.000000
1.000000
0.000000
0.000000
0.000000
0.000000
0.000000
0.000000
0.000000
0.000000
0.000000
0.000000
0.000000
0.000000
0.000000
0.000000
0.000000
0.000000
0.000000
1.000000
1.000000
0.000000
0.000000
0.000000
0.000000
119.000000
255.000000
254.000000
254.000000
255.000000
94.000000
0.000000
3.000000
2.000000
1.000000
0.000000
0.000000
0.000000
0.000000
0.000000
0.000000
0.000000
0.000000
0.000000
0.000000
0.000000
0.000000
0.000000
0.000000
0.000000
0.000000
1.000000
2.000000
1.000000
2.000000
2.000000
0.000000
133.000000
255.000000
253.000000
253.000000
255.000000
183.000000
0.000000
0.000000
3.000000
0.000000
0.000000
0.000000
0.000000
0.000000
0.000000
0.000000
0.000000
0.000000
0.000000
0.000000
0.000000
0.000000
0.000000
0.000000
0.000000
0.000000
0.000000
0.000000
1.000000
2.000000
0.000000
0.000000
188.000000
255.000000
255.000000
253.000000
254.000000
250.000000
86.000000
0.000000
0.000000
0.000000
0.000000
0.000000
0.000000
0.000000
0.000000
0.000000
0.000000
0.000000
0.000000
0.000000
0.000000
0.000000
0.000000
0.000000
0.000000
0.000000
0.000000
0.000000
0.000000
0.000000
0.000000
69.000000
248.000000
254.000000
254.000000
254.000000
252.000000
255.000000
229.000000
119.000000
69.000000
70.000000
73.000000
73.000000
73.000000
73.000000
73.000000
73.000000
73.000000
73.000000
73.000000
73.000000
73.000000
73.000000
73.000000
73.000000
73.000000
73.000000
72.000000
72.000000
74.000000
69.000000
95.000000
217.000000
255.000000
253.000000
255.000000
255.000000
255.000000
255.000000
255.000000
255.000000
225.000000
226.000000
228.000000
228.000000
228.000000
228.000000
228.000000
228.000000
228.000000
228.000000
228.000000
228.000000
228.000000
228.000000
228.000000
228.000000
228.000000
228.000000
226.000000
227.000000
228.000000
225.000000
243.000000
255.000000
253.000000
255.000000
255.000000
255.000000
255.000000
255.000000
254.000000
255.000000
255.000000
255.000000
255.000000
255.000000
255.000000
255.000000
255.000000
255.000000
255.000000
255.000000
255.000000
255.000000
255.000000
255.000000
255.000000
255.000000
255.000000
255.000000
255.000000
255.000000
255.000000
255.000000
255.000000
254.000000
254.000000
254.000000
255.000000
255.000000
255.000000
255.000000
254.000000
254.000000
254.000000
254.000000
255.000000
255.000000
255.000000
255.000000
255.000000
255.000000
255.000000
255.000000
255.000000
255.000000
255.000000
255.000000
255.000000
255.000000
255.000000
255.000000
255.000000
254.000000
255.000000
255.000000
254.000000
254.000000
254.000000
253.000000
255.000000
255.000000
255.000000
255.000000
254.000000
255.000000
254.000000
255.000000
254.000000
255.000000
255.000000
255.000000
255.000000
255.000000
255.000000
255.000000
255.000000
255.000000
255.000000
255.000000
255.000000
255.000000
255.000000
255.000000
255.000000
255.000000
255.000000
255.000000
254.000000
255.000000
255.000000
254.000000
