255.000000
255.000000
255.000000
255.000000
255.000000
255.000000
255.000000
255.000000
255.000000
255.000000
255.000000
255.000000
255.000000
255.000000
255.000000
255.000000
255.000000
255.000000
255.000000
255.000000
255.000000
255.000000
255.000000
255.000000
255.000000
255.000000
255.000000
255.000000
255.000000
255.000000
255.000000
255.000000
254.000000
255.000000
236.000000
241.000000
255.000000
255.000000
255.000000
252.000000
255.000000
255.000000
255.000000
255.000000
255.000000
255.000000
255.000000
255.000000
255.000000
255.000000
255.000000
255.000000
255.000000
255.000000
255.000000
255.000000
255.000000
255.000000
255.000000
255.000000
255.000000
255.000000
255.000000
255.000000
255.000000
174.000000
47.000000
58.000000
79.000000
146.000000
248.000000
255.000000
253.000000
250.000000
255.000000
255.000000
255.000000
255.000000
255.000000
255.000000
255.000000
255.000000
255.000000
255.000000
255.000000
255.000000
255.000000
255.000000
255.000000
255.000000
255.000000
255.000000
255.000000
255.000000
255.000000
255.000000
255.000000
79.000000
0.000000
0.000000
0.000000
0.000000
55.000000
219.000000
255.000000
251.000000
254.000000
255.000000
255.000000
255.000000
255.000000
255.000000
255.000000
255.000000
255.000000
255.000000
255.000000
255.000000
255.000000
255.000000
255.000000
255.000000
255.000000
255.000000
255.000000
255.000000
255.000000
255.000000
255.000000
124.000000
0.000000
0.000000
3.000000
5.000000
0.000000
32.000000
242.000000
252.000000
255.000000
255.000000
255.000000
255.000000
255.000000
255.000000
255.000000
255.000000
255.000000
255.000000
255.000000
255.000000
255.000000
255.000000
255.000000
255.000000
255.000000
255.000000
255.000000
255.000000
255.000000
255.000000
255.000000
220.000000
0.000000
3.000000
2.000000
4.000000
2.000000
0.000000
82.000000
255.000000
254.000000
255.000000
255.000000
255.000000
255.000000
255.000000
255.000000
255.000000
255.000000
255.000000
255.000000
255.000000
255.000000
255.000000
255.000000
255.000000
255.000000
255.000000
255.000000
255.000000
255.000000
255.000000
255.000000
255.000000
46.000000
4.000000
0.000000
0.000000
2.000000
4.000000
0.000000
211.000000
254.000000
252.000000
254.000000
255.000000
255.000000
255.000000
255.000000
255.000000
255.000000
255.000000
255.000000
255.000000
255.000000
255.000000
255.000000
255.000000
255.000000
255.000000
255.000000
255.000000
255.000000
255.000000
255.000000
255.000000
187.000000
0.000000
2.000000
0.000000
0.000000
5.000000
0.000000
85.000000
255.000000
253.000000
254.000000
255.000000
255.000000
255.000000
255.000000
255.000000
255.000000
255.000000
255.000000
255.000000
255.000000
255.000000
255.000000
255.000000
255.000000
255.000000
255.000000
255.000000
255.000000
255.000000
255.000000
254.000000
255.000000
18.000000
1.000000
0.000000
0.000000
2.000000
2.000000
14.000000
255.000000
252.000000
253.000000
255.000000
255.000000
255.000000
255.000000
255.000000
255.000000
255.000000
255.000000
255.000000
255.000000
255.000000
255.000000
255.000000
255.000000
255.000000
255.000000
255.000000
255.000000
255.000000
255.000000
253.000000
255.000000
165.000000
0.000000
0.000000
0.000000
2.000000
4.000000
0.000000
240.000000
254.000000
253.000000
255.000000
255.000000
255.000000
255.000000
255.000000
255.000000
255.000000
255.000000
255.000000
255.000000
255.000000
255.000000
255.000000
255.000000
255.000000
255.000000
255.000000
255.000000
255.000000
255.000000
253.000000
249.000000
255.000000
18.000000
1.000000
6.000000
0.000000
1.000000
0.000000
229.000000
255.000000
254.000000
255.000000
255.000000
255.000000
255.000000
255.000000
255.000000
255.000000
255.000000
255.000000
255.000000
255.000000
255.000000
255.000000
255.000000
255.000000
255.000000
255.000000
255.000000
255.000000
255.000000
255.000000
253.000000
255.000000
135.000000
0.000000
9.000000
2.000000
1.000000
0.000000
231.000000
255.000000
254.000000
255.000000
255.000000
255.000000
255.000000
255.000000
255.000000
255.000000
255.000000
255.000000
255.000000
255.000000
255.000000
255.000000
255.000000
255.000000
255.000000
255.000000
255.000000
255.000000
255.000000
255.000000
252.000000
253.000000
243.000000
0.000000
2.000000
2.000000
1.000000
0.000000
236.000000
255.000000
254.000000
255.000000
255.000000
255.000000
255.000000
255.000000
255.000000
255.000000
255.000000
255.000000
255.000000
255.000000
255.000000
255.000000
255.000000
255.000000
255.000000
255.000000
255.000000
255.000000
251.000000
255.000000
254.000000
251.000000
255.000000
71.000000
0.000000
1.000000
1.000000
0.000000
242.000000
254.000000
254.000000
255.000000
255.000000
255.000000
255.000000
255.000000
255.000000
255.000000
255.000000
255.000000
255.000000
255.000000
255.000000
255.000000
255.000000
255.000000
255.000000
255.000000
255.000000
255.000000
248.000000
252.000000
254.000000
254.000000
255.000000
188.000000
0.000000
2.000000
1.000000
0.000000
248.000000
254.000000
253.000000
255.000000
255.000000
255.000000
255.000000
255.000000
255.000000
255.000000
255.000000
255.000000
255.000000
255.000000
254.000000
252.000000
254.000000
254.000000
255.000000
254.000000
255.000000
255.000000
253.000000
248.000000
252.000000
255.000000
254.000000
252.000000
0.000000
1.000000
1.000000
3.000000
254.000000
255.000000
254.000000
255.000000
255.000000
255.000000
255.000000
255.000000
255.000000
255.000000
255.000000
255.000000
255.000000
255.000000
253.000000
253.000000
252.000000
250.000000
249.000000
255.000000
255.000000
255.000000
255.000000
254.000000
245.000000
253.000000
253.000000
255.000000
44.000000
0.000000
1.000000
6.000000
255.000000
253.000000
255.000000
255.000000
255.000000
255.000000
255.000000
255.000000
255.000000
255.000000
255.000000
255.000000
255.000000
255.000000
253.000000
255.000000
255.000000
255.000000
255.000000
255.000000
255.000000
255.000000
255.000000
255.000000
249.000000
247.000000
253.000000
255.000000
146.000000
0.000000
0.000000
6.000000
255.000000
254.000000
255.000000
255.000000
255.000000
255.000000
255.000000
255.000000
255.000000
255.000000
255.000000
255.000000
255.000000
255.000000
255.000000
255.000000
216.000000
139.000000
176.000000
255.000000
255.000000
255.000000
255.000000
254.000000
255.000000
249.000000
250.000000
255.000000
231.000000
0.000000
2.000000
3.000000
253.000000
254.000000
251.000000
254.000000
254.000000
255.000000
255.000000
255.000000
254.000000
253.000000
255.000000
255.000000
255.000000
210.000000
148.000000
70.000000
16.000000
0.000000
0.000000
133.000000
255.000000
253.000000
255.000000
255.000000
255.000000
255.000000
249.000000
249.000000
255.000000
7.000000
2.000000
0.000000
245.000000
255.000000
250.000000
254.000000
253.000000
251.000000
252.000000
255.000000
255.000000
255.000000
255.000000
167.000000
80.000000
18.000000
0.000000
0.000000
0.000000
0.000000
0.000000
0.000000
253.000000
252.000000
255.000000
255.000000
255.000000
255.000000
254.000000
248.000000
255.000000
56.000000
0.000000
0.000000
234.000000
255.000000
252.000000
250.000000
254.000000
255.000000
255.000000
255.000000
209.000000
145.000000
60.000000
0.000000
0.000000
0.000000
0.000000
2.000000
1.000000
0.000000
0.000000
0.000000
203.000000
255.000000
255.000000
254.000000
255.000000
255.000000
254.000000
250.000000
255.000000
118.000000
0.000000
0.000000
200.000000
255.000000
255.000000
255.000000
255.000000
233.000000
150.000000
78.000000
28.000000
0.000000
0.000000
0.000000
4.000000
3.000000
2.000000
3.000000
0.000000
0.000000
0.000000
0.000000
173.000000
255.000000
255.000000
255.000000
254.000000
255.000000
255.000000
250.000000
255.000000
204.000000
0.000000
0.000000
99.000000
241.000000
206.000000
165.000000
100.000000
32.000000
0.000000
0.000000
0.000000
0.000000
0.000000
1.000000
0.000000
0.000000
3.000000
2.000000
1.000000
2.000000
2.000000
0.000000
225.000000
255.000000
255.000000
255.000000
255.000000
255.000000
255.000000
255.000000
255.000000
255.000000
11.000000
1.000000
7.000000
48.000000
24.000000
0.000000
0.000000
0.000000
0.000000
1.000000
0.000000
0.000000
0.000000
0.000000
0.000000
0.000000
5.000000
1.000000
3.000000
4.000000
0.000000
58.000000
255.000000
253.000000
255.000000
255.000000
255.000000
255.000000
255.000000
255.000000
255.000000
255.000000
128.000000
0.000000
0.000000
0.000000
0.000000
0.000000
0.000000
0.000000
0.000000
0.000000
0.000000
0.000000
0.000000
0.000000
0.000000
0.000000
4.000000
4.000000
0.000000
0.000000
54.000000
234.000000
251.000000
252.000000
255.000000
255.000000
255.000000
255.000000
255.000000
255.000000
255.000000
252.000000
242.000000
2.000000
0.000000
3.000000
4.000000
3.000000
0.000000
1.000000
0.000000
0.000000
0.000000
0.000000
0.000000
0.000000
0.000000
0.000000
0.000000
0.000000
20.000000
125.000000
236.000000
255.000000
250.000000
250.000000
255.000000
255.000000
255.000000
255.000000
255.000000
255.000000
255.000000
252.000000
255.000000
170.000000
0.000000
0.000000
4.000000
0.000000
1.000000
1.000000
0.000000
1.000000
1.000000
0.000000
0.000000
0.000000
0.000000
6.000000
42.000000
114.000000
218.000000
255.000000
255.000000
254.000000
254.000000
253.000000
255.000000
255.000000
255.000000
255.000000
255.000000
255.000000
255.000000
255.000000
255.000000
255.000000
123.000000
0.000000
0.000000
0.000000
0.000000
0.000000
0.000000
0.000000
0.000000
0.000000
20.000000
68.000000
127.000000
184.000000
232.000000
255.000000
255.000000
254.000000
255.000000
255.000000
254.000000
255.000000
255.000000
255.000000
255.000000
255.000000
255.000000
255.000000
255.000000
255.000000
255.000000
255.000000
255.000000
156.000000
42.000000
6.000000
5.000000
4.000000
11.000000
47.000000
89.000000
153.000000
216.000000
255.000000
255.000000
255.000000
255.000000
255.000000
253.000000
255.000000
255.000000
255.000000
255.000000
255.000000
255.000000
255.000000
255.000000
255.000000
255.000000
255.000000
255.000000
255.000000
255.000000
255.000000
250.000000
255.000000
235.000000
188.000000
167.000000
176.000000
203.000000
241.000000
255.000000
255.000000
255.000000
255.000000
253.000000
252.000000
251.000000
254.000000
253.000000
255.000000
255.000000
255.000000
255.000000
255.000000
255.000000
255.000000
255.000000
255.000000
255.000000
255.000000
255.000000
255.000000
255.000000
255.000000
251.000000
252.000000
255.000000
255.000000
255.000000
255.000000
255.000000
255.000000
255.000000
253.000000
253.000000
255.000000
255.000000
254.000000
250.000000
254.000000
255.000000
255.000000
255.000000
255.000000
255.000000
255.000000
255.000000
255.000000
255.000000
255.000000
255.000000
255.000000
255.000000
255.000000
255.000000
255.000000
255.000000
254.000000
255.000000
255.000000
253.000000
251.000000
255.000000
254.000000
255.000000
255.000000
255.000000
255.000000
255.000000
255.000000
255.000000
255.000000
255.000000
255.000000
255.000000
255.000000
255.000000
255.000000
