255.000000
255.000000
255.000000
255.000000
255.000000
255.000000
255.000000
255.000000
251.000000
251.000000
255.000000
255.000000
193.000000
15.000000
19.000000
27.000000
147.000000
255.000000
255.000000
253.000000
254.000000
255.000000
255.000000
255.000000
254.000000
250.000000
253.000000
255.000000
255.000000
255.000000
255.000000
255.000000
255.000000
255.000000
255.000000
255.000000
254.000000
255.000000
255.000000
250.000000
249.000000
255.000000
254.000000
255.000000
210.000000
0.000000
2.000000
2.000000
0.000000
104.000000
255.000000
253.000000
250.000000
252.000000
255.000000
255.000000
255.000000
253.000000
248.000000
251.000000
255.000000
254.000000
255.000000
255.000000
255.000000
255.000000
255.000000
255.000000
254.000000
255.000000
254.000000
246.000000
253.000000
255.000000
253.000000
254.000000
255.000000
24.000000
0.000000
5.000000
3.000000
0.000000
127.000000
255.000000
249.000000
253.000000
255.000000
255.000000
255.000000
255.000000
252.000000
248.000000
252.000000
255.000000
255.000000
255.000000
255.000000
255.000000
255.000000
255.000000
255.000000
255.000000
247.000000
252.000000
255.000000
254.000000
252.000000
255.000000
255.000000
100.000000
0.000000
2.000000
5.000000
0.000000
0.000000
194.000000
255.000000
252.000000
255.000000
255.000000
255.000000
255.000000
255.000000
252.000000
247.000000
252.000000
255.000000
255.000000
255.000000
255.000000
255.000000
255.000000
255.000000
250.000000
248.000000
255.000000
255.000000
254.000000
254.000000
254.000000
255.000000
194.000000
0.000000
3.000000
2.000000
2.000000
0.000000
36.000000
255.000000
254.000000
255.000000
255.000000
255.000000
254.000000
254.000000
255.000000
251.000000
248.000000
253.000000
255.000000
255.000000
255.000000
255.000000
255.000000
251.000000
246.000000
254.000000
255.000000
255.000000
255.000000
255.000000
255.000000
255.000000
253.000000
12.000000
1.000000
0.000000
0.000000
1.000000
0.000000
176.000000
255.000000
255.000000
255.000000
255.000000
255.000000
255.000000
255.000000
255.000000
250.000000
247.000000
254.000000
255.000000
255.000000
255.000000
255.000000
245.000000
253.000000
254.000000
255.000000
255.000000
255.000000
255.000000
255.000000
255.000000
255.000000
63.000000
0.000000
0.000000
0.000000
0.000000
0.000000
91.000000
255.000000
255.000000
255.000000
255.000000
255.000000
255.000000
254.000000
255.000000
255.000000
252.000000
247.000000
255.000000
255.000000
255.000000
248.000000
251.000000
255.000000
254.000000
255.000000
255.000000
255.000000
255.000000
255.000000
255.000000
255.000000
72.000000
0.000000
0.000000
0.000000
0.000000
0.000000
67.000000
255.000000
255.000000
255.000000
255.000000
255.000000
255.000000
254.000000
255.000000
255.000000
255.000000
248.000000
255.000000
255.000000
250.000000
246.000000
255.000000
255.000000
255.000000
255.000000
255.000000
255.000000
255.000000
254.000000
254.000000
255.000000
23.000000
4.000000
0.000000
0.000000
1.000000
0.000000
93.000000
255.000000
255.000000
255.000000
255.000000
255.000000
255.000000
254.000000
255.000000
255.000000
254.000000
255.000000
255.000000
251.000000
247.000000
255.000000
255.000000
255.000000
255.000000
255.000000
255.000000
255.000000
252.000000
253.000000
255.000000
172.000000
0.000000
5.000000
0.000000
0.000000
1.000000
0.000000
175.000000
255.000000
255.000000
255.000000
255.000000
255.000000
255.000000
255.000000
255.000000
255.000000
255.000000
255.000000
253.000000
246.000000
252.000000
255.000000
255.000000
255.000000
255.000000
255.000000
255.000000
254.000000
253.000000
253.000000
255.000000
43.000000
0.000000
3.000000
0.000000
0.000000
0.000000
20.000000
251.000000
255.000000
255.000000
255.000000
255.000000
255.000000
255.000000
255.000000
255.000000
255.000000
255.000000
255.000000
248.000000
251.000000
255.000000
255.000000
255.000000
255.000000
255.000000
255.000000
255.000000
254.000000
254.000000
254.000000
211.000000
0.000000
4.000000
2.000000
0.000000
0.000000
0.000000
160.000000
255.000000
254.000000
255.000000
255.000000
255.000000
255.000000
255.000000
255.000000
255.000000
255.000000
254.000000
255.000000
248.000000
255.000000
255.000000
254.000000
255.000000
255.000000
255.000000
255.000000
255.000000
255.000000
253.000000
255.000000
60.000000
0.000000
3.000000
2.000000
0.000000
0.000000
0.000000
201.000000
255.000000
255.000000
254.000000
255.000000
255.000000
255.000000
254.000000
255.000000
255.000000
255.000000
253.000000
254.000000
254.000000
255.000000
255.000000
255.000000
255.000000
255.000000
255.000000
255.000000
255.000000
255.000000
254.000000
215.000000
0.000000
0.000000
0.000000
0.000000
6.000000
0.000000
1.000000
22.000000
158.000000
255.000000
255.000000
255.000000
253.000000
252.000000
253.000000
253.000000
254.000000
255.000000
253.000000
255.000000
255.000000
255.000000
255.000000
255.000000
255.000000
255.000000
255.000000
255.000000
255.000000
254.000000
255.000000
79.000000
0.000000
0.000000
0.000000
0.000000
0.000000
0.000000
0.000000
0.000000
0.000000
79.000000
191.000000
248.000000
255.000000
255.000000
255.000000
254.000000
253.000000
255.000000
254.000000
255.000000
254.000000
255.000000
255.000000
255.000000
255.000000
255.000000
255.000000
255.000000
255.000000
255.000000
211.000000
0.000000
3.000000
0.000000
0.000000
1.000000
0.000000
148.000000
0.000000
2.000000
6.000000
0.000000
0.000000
56.000000
118.000000
198.000000
255.000000
255.000000
255.000000
254.000000
255.000000
255.000000
254.000000
255.000000
255.000000
255.000000
255.000000
255.000000
255.000000
255.000000
255.000000
255.000000
68.000000
0.000000
4.000000
0.000000
1.000000
0.000000
108.000000
255.000000
142.000000
0.000000
7.000000
5.000000
0.000000
0.000000
0.000000
4.000000
94.000000
223.000000
255.000000
255.000000
255.000000
255.000000
255.000000
255.000000
255.000000
255.000000
255.000000
255.000000
254.000000
252.000000
255.000000
212.000000
0.000000
2.000000
1.000000
5.000000
0.000000
26.000000
248.000000
255.000000
255.000000
80.000000
0.000000
4.000000
1.000000
1.000000
0.000000
0.000000
0.000000
20.000000
195.000000
255.000000
254.000000
255.000000
255.000000
255.000000
255.000000
255.000000
255.000000
255.000000
255.000000
251.000000
255.000000
48.000000
0.000000
2.000000
0.000000
4.000000
0.000000
202.000000
255.000000
251.000000
255.000000
254.000000
21.000000
0.000000
2.000000
3.000000
2.000000
0.000000
0.000000
0.000000
9.000000
247.000000
254.000000
255.000000
255.000000
255.000000
255.000000
255.000000
255.000000
255.000000
255.000000
255.000000
194.000000
0.000000
4.000000
2.000000
1.000000
0.000000
129.000000
255.000000
251.000000
253.000000
249.000000
255.000000
204.000000
0.000000
2.000000
3.000000
3.000000
0.000000
0.000000
2.000000
0.000000
128.000000
255.000000
255.000000
255.000000
255.000000
255.000000
255.000000
255.000000
255.000000
255.000000
255.000000
42.000000
0.000000
3.000000
4.000000
0.000000
74.000000
255.000000
251.000000
251.000000
251.000000
252.000000
252.000000
255.000000
135.000000
0.000000
5.000000
0.000000
0.000000
0.000000
2.000000
0.000000
38.000000
255.000000
255.000000
255.000000
255.000000
255.000000
255.000000
253.000000
251.000000
255.000000
157.000000
0.000000
2.000000
3.000000
0.000000
27.000000
240.000000
255.000000
251.000000
255.000000
253.000000
254.000000
253.000000
255.000000
255.000000
48.000000
0.000000
4.000000
2.000000
2.000000
0.000000
0.000000
0.000000
255.000000
255.000000
255.000000
255.000000
255.000000
255.000000
252.000000
254.000000
246.000000
7.000000
2.000000
7.000000
0.000000
11.000000
220.000000
255.000000
251.000000
253.000000
255.000000
255.000000
255.000000
255.000000
255.000000
255.000000
229.000000
0.000000
4.000000
5.000000
4.000000
3.000000
0.000000
0.000000
243.000000
255.000000
255.000000
255.000000
255.000000
255.000000
254.000000
255.000000
87.000000
0.000000
5.000000
0.000000
5.000000
186.000000
255.000000
250.000000
252.000000
253.000000
255.000000
255.000000
255.000000
255.000000
255.000000
254.000000
255.000000
145.000000
0.000000
6.000000
2.000000
2.000000
1.000000
0.000000
228.000000
255.000000
255.000000
255.000000
255.000000
255.000000
255.000000
170.000000
0.000000
2.000000
0.000000
0.000000
187.000000
255.000000
251.000000
250.000000
248.000000
254.000000
255.000000
255.000000
255.000000
255.000000
255.000000
254.000000
250.000000
255.000000
60.000000
0.000000
3.000000
0.000000
2.000000
0.000000
238.000000
255.000000
254.000000
255.000000
254.000000
255.000000
227.000000
8.000000
1.000000
0.000000
7.000000
172.000000
255.000000
251.000000
254.000000
253.000000
252.000000
255.000000
255.000000
255.000000
255.000000
255.000000
255.000000
254.000000
254.000000
255.000000
230.000000
0.000000
0.000000
5.000000
0.000000
0.000000
255.000000
255.000000
255.000000
255.000000
255.000000
241.000000
34.000000
0.000000
0.000000
29.000000
202.000000
255.000000
255.000000
255.000000
255.000000
255.000000
255.000000
255.000000
255.000000
255.000000
255.000000
255.000000
255.000000
255.000000
255.000000
255.000000
255.000000
149.000000
0.000000
0.000000
0.000000
39.000000
255.000000
255.000000
250.000000
232.000000
197.000000
49.000000
0.000000
0.000000
69.000000
221.000000
255.000000
251.000000
255.000000
255.000000
255.000000
255.000000
255.000000
255.000000
255.000000
255.000000
255.000000
255.000000
255.000000
255.000000
255.000000
255.000000
255.000000
255.000000
91.000000
0.000000
9.000000
171.000000
255.000000
255.000000
56.000000
22.000000
0.000000
0.000000
34.000000
153.000000
253.000000
255.000000
253.000000
252.000000
255.000000
255.000000
255.000000
255.000000
255.000000
255.000000
255.000000
255.000000
255.000000
255.000000
255.000000
255.000000
255.000000
255.000000
254.000000
253.000000
252.000000
168.000000
188.000000
255.000000
253.000000
255.000000
88.000000
88.000000
105.000000
151.000000
232.000000
255.000000
255.000000
253.000000
253.000000
252.000000
255.000000
255.000000
255.000000
255.000000
255.000000
255.000000
255.000000
255.000000
255.000000
255.000000
255.000000
255.000000
255.000000
255.000000
254.000000
251.000000
255.000000
255.000000
255.000000
251.000000
254.000000
255.000000
255.000000
255.000000
255.000000
255.000000
255.000000
255.000000
255.000000
255.000000
255.000000
255.000000
255.000000
255.000000
255.000000
255.000000
255.000000
255.000000
255.000000
255.000000
255.000000
255.000000
255.000000
255.000000
255.000000
255.000000
255.000000
255.000000
255.000000
255.000000
255.000000
255.000000
255.000000
255.000000
255.000000
255.000000
255.000000
255.000000
255.000000
255.000000
255.000000
255.000000
255.000000
255.000000
255.000000
255.000000
255.000000
255.000000
255.000000
255.000000
255.000000
255.000000
255.000000
255.000000
255.000000
255.000000
255.000000
255.000000
255.000000
255.000000
255.000000
255.000000
255.000000
255.000000
255.000000
255.000000
