253.000000
254.000000
254.000000
253.000000
255.000000
255.000000
254.000000
255.000000
255.000000
254.000000
255.000000
255.000000
255.000000
255.000000
255.000000
255.000000
255.000000
255.000000
255.000000
255.000000
255.000000
255.000000
255.000000
255.000000
255.000000
255.000000
255.000000
255.000000
255.000000
255.000000
255.000000
255.000000
251.000000
251.000000
247.000000
248.000000
254.000000
254.000000
255.000000
253.000000
254.000000
253.000000
254.000000
255.000000
254.000000
255.000000
255.000000
255.000000
255.000000
255.000000
255.000000
255.000000
255.000000
255.000000
255.000000
255.000000
255.000000
255.000000
255.000000
255.000000
255.000000
255.000000
255.000000
255.000000
251.000000
250.000000
244.000000
251.000000
251.000000
253.000000
252.000000
254.000000
254.000000
253.000000
253.000000
254.000000
255.000000
255.000000
255.000000
255.000000
255.000000
255.000000
255.000000
255.000000
255.000000
255.000000
255.000000
255.000000
255.000000
255.000000
255.000000
255.000000
255.000000
255.000000
255.000000
255.000000
252.000000
250.000000
245.000000
255.000000
252.000000
254.000000
248.000000
255.000000
254.000000
253.000000
252.000000
254.000000
254.000000
255.000000
255.000000
255.000000
255.000000
255.000000
255.000000
255.000000
255.000000
255.000000
255.000000
255.000000
255.000000
255.000000
255.000000
255.000000
255.000000
255.000000
255.000000
255.000000
251.000000
251.000000
240.000000
251.000000
255.000000
251.000000
248.000000
254.000000
254.000000
254.000000
252.000000
252.000000
254.000000
255.000000
255.000000
255.000000
255.000000
255.000000
255.000000
255.000000
255.000000
255.000000
255.000000
255.000000
255.000000
255.000000
255.000000
255.000000
255.000000
255.000000
255.000000
255.000000
251.000000
250.000000
215.000000
205.000000
252.000000
247.000000
254.000000
251.000000
253.000000
255.000000
253.000000
252.000000
255.000000
255.000000
255.000000
255.000000
255.000000
255.000000
255.000000
255.000000
255.000000
255.000000
255.000000
255.000000
255.000000
255.000000
255.000000
255.000000
255.000000
255.000000
255.000000
255.000000
253.000000
247.000000
172.000000
102.000000
238.000000
254.000000
254.000000
252.000000
252.000000
255.000000
252.000000
254.000000
255.000000
254.000000
255.000000
252.000000
254.000000
255.000000
254.000000
255.000000
255.000000
255.000000
255.000000
255.000000
255.000000
255.000000
255.000000
255.000000
254.000000
254.000000
254.000000
254.000000
254.000000
250.000000
171.000000
22.000000
148.000000
254.000000
255.000000
253.000000
251.000000
254.000000
251.000000
253.000000
253.000000
255.000000
255.000000
254.000000
255.000000
254.000000
254.000000
254.000000
254.000000
254.000000
254.000000
255.000000
255.000000
255.000000
255.000000
255.000000
255.000000
255.000000
255.000000
255.000000
251.000000
252.000000
211.000000
25.000000
54.000000
212.000000
248.000000
255.000000
252.000000
253.000000
253.000000
253.000000
253.000000
255.000000
254.000000
255.000000
254.000000
254.000000
254.000000
254.000000
254.000000
254.000000
254.000000
255.000000
255.000000
255.000000
255.000000
255.000000
255.000000
255.000000
255.000000
255.000000
246.000000
251.000000
253.000000
86.000000
0.000000
127.000000
223.000000
255.000000
253.000000
252.000000
254.000000
252.000000
255.000000
254.000000
252.000000
254.000000
254.000000
254.000000
255.000000
255.000000
255.000000
255.000000
255.000000
255.000000
255.000000
255.000000
254.000000
254.000000
255.000000
255.000000
255.000000
255.000000
247.000000
250.000000
255.000000
135.000000
3.000000
41.000000
158.000000
243.000000
251.000000
251.000000
250.000000
253.000000
254.000000
253.000000
253.000000
255.000000
254.000000
254.000000
254.000000
255.000000
255.000000
255.000000
255.000000
255.000000
255.000000
254.000000
254.000000
255.000000
255.000000
255.000000
255.000000
255.000000
250.000000
252.000000
255.000000
173.000000
15.000000
4.000000
73.000000
207.000000
255.000000
254.000000
253.000000
251.000000
253.000000
255.000000
255.000000
253.000000
253.000000
254.000000
254.000000
255.000000
255.000000
255.000000
255.000000
255.000000
253.000000
253.000000
254.000000
255.000000
255.000000
253.000000
254.000000
255.000000
254.000000
254.000000
254.000000
224.000000
70.000000
0.000000
14.000000
109.000000
236.000000
255.000000
253.000000
251.000000
254.000000
252.000000
255.000000
249.000000
251.000000
255.000000
253.000000
254.000000
254.000000
254.000000
254.000000
253.000000
253.000000
253.000000
255.000000
254.000000
253.000000
251.000000
252.000000
254.000000
254.000000
252.000000
252.000000
255.000000
153.000000
18.000000
2.000000
21.000000
151.000000
237.000000
252.000000
255.000000
250.000000
245.000000
253.000000
250.000000
252.000000
255.000000
251.000000
252.000000
253.000000
253.000000
253.000000
252.000000
254.000000
254.000000
255.000000
254.000000
251.000000
249.000000
252.000000
254.000000
253.000000
251.000000
250.000000
253.000000
220.000000
86.000000
5.000000
0.000000
39.000000
179.000000
251.000000
254.000000
243.000000
240.000000
250.000000
254.000000
255.000000
252.000000
250.000000
252.000000
253.000000
253.000000
253.000000
252.000000
254.000000
253.000000
253.000000
253.000000
250.000000
249.000000
252.000000
254.000000
254.000000
253.000000
248.000000
253.000000
251.000000
181.000000
18.000000
0.000000
2.000000
82.000000
223.000000
248.000000
250.000000
248.000000
252.000000
253.000000
252.000000
253.000000
253.000000
254.000000
254.000000
255.000000
254.000000
253.000000
252.000000
251.000000
252.000000
254.000000
253.000000
251.000000
253.000000
255.000000
253.000000
253.000000
249.000000
251.000000
254.000000
239.000000
106.000000
3.000000
3.000000
20.000000
127.000000
244.000000
255.000000
253.000000
253.000000
253.000000
248.000000
253.000000
255.000000
253.000000
252.000000
254.000000
253.000000
254.000000
253.000000
252.000000
253.000000
254.000000
252.000000
248.000000
251.000000
252.000000
252.000000
253.000000
253.000000
248.000000
251.000000
255.000000
209.000000
35.000000
0.000000
0.000000
31.000000
174.000000
232.000000
255.000000
255.000000
255.000000
252.000000
255.000000
255.000000
255.000000
254.000000
255.000000
254.000000
254.000000
255.000000
253.000000
255.000000
254.000000
250.000000
248.000000
250.000000
247.000000
253.000000
253.000000
254.000000
251.000000
252.000000
253.000000
254.000000
122.000000
0.000000
3.000000
5.000000
41.000000
143.000000
229.000000
243.000000
251.000000
252.000000
255.000000
255.000000
255.000000
255.000000
255.000000
255.000000
255.000000
255.000000
255.000000
255.000000
255.000000
255.000000
255.000000
251.000000
246.000000
254.000000
254.000000
254.000000
253.000000
252.000000
252.000000
250.000000
217.000000
34.000000
5.000000
12.000000
3.000000
38.000000
93.000000
150.000000
196.000000
201.000000
212.000000
222.000000
223.000000
228.000000
230.000000
237.000000
248.000000
254.000000
252.000000
252.000000
253.000000
255.000000
250.000000
254.000000
251.000000
254.000000
255.000000
249.000000
253.000000
251.000000
250.000000
245.000000
255.000000
133.000000
22.000000
2.000000
4.000000
0.000000
9.000000
40.000000
72.000000
77.000000
81.000000
84.000000
86.000000
92.000000
96.000000
103.000000
114.000000
121.000000
119.000000
121.000000
123.000000
134.000000
153.000000
249.000000
252.000000
254.000000
254.000000
249.000000
252.000000
252.000000
248.000000
248.000000
253.000000
222.000000
107.000000
13.000000
4.000000
0.000000
0.000000
0.000000
0.000000
0.000000
0.000000
0.000000
0.000000
0.000000
0.000000
2.000000
6.000000
10.000000
9.000000
11.000000
13.000000
22.000000
38.000000
244.000000
251.000000
254.000000
254.000000
253.000000
251.000000
254.000000
249.000000
252.000000
251.000000
255.000000
209.000000
88.000000
24.000000
11.000000
0.000000
1.000000
0.000000
0.000000
0.000000
0.000000
0.000000
0.000000
0.000000
0.000000
0.000000
0.000000
0.000000
0.000000
0.000000
0.000000
0.000000
239.000000
253.000000
254.000000
254.000000
255.000000
251.000000
254.000000
253.000000
249.000000
254.000000
255.000000
253.000000
220.000000
117.000000
53.000000
3.000000
2.000000
0.000000
0.000000
0.000000
0.000000
0.000000
0.000000
0.000000
1.000000
0.000000
0.000000
0.000000
0.000000
0.000000
0.000000
24.000000
228.000000
255.000000
254.000000
254.000000
252.000000
254.000000
255.000000
254.000000
252.000000
252.000000
254.000000
255.000000
255.000000
211.000000
166.000000
110.000000
88.000000
74.000000
64.000000
48.000000
50.000000
50.000000
52.000000
52.000000
48.000000
41.000000
45.000000
44.000000
55.000000
54.000000
65.000000
129.000000
241.000000
253.000000
254.000000
255.000000
253.000000
253.000000
255.000000
254.000000
254.000000
251.000000
253.000000
252.000000
250.000000
255.000000
241.000000
214.000000
196.000000
185.000000
174.000000
156.000000
158.000000
159.000000
162.000000
160.000000
153.000000
141.000000
147.000000
150.000000
161.000000
167.000000
176.000000
220.000000
250.000000
247.000000
254.000000
255.000000
255.000000
252.000000
254.000000
254.000000
253.000000
255.000000
252.000000
251.000000
246.000000
255.000000
255.000000
255.000000
255.000000
255.000000
255.000000
254.000000
255.000000
255.000000
255.000000
255.000000
251.000000
243.000000
244.000000
250.000000
254.000000
255.000000
255.000000
255.000000
249.000000
244.000000
255.000000
255.000000
255.000000
255.000000
255.000000
254.000000
255.000000
255.000000
255.000000
254.000000
253.000000
254.000000
254.000000
249.000000
248.000000
250.000000
255.000000
254.000000
253.000000
255.000000
255.000000
255.000000
254.000000
253.000000
252.000000
252.000000
254.000000
254.000000
252.000000
249.000000
245.000000
250.000000
255.000000
255.000000
255.000000
255.000000
255.000000
255.000000
255.000000
255.000000
255.000000
255.000000
254.000000
253.000000
254.000000
252.000000
252.000000
251.000000
251.000000
254.000000
255.000000
255.000000
255.000000
255.000000
255.000000
255.000000
255.000000
255.000000
255.000000
255.000000
253.000000
252.000000
252.000000
255.000000
255.000000
255.000000
255.000000
255.000000
255.000000
255.000000
255.000000
255.000000
255.000000
255.000000
254.000000
253.000000
252.000000
255.000000
255.000000
252.000000
248.000000
253.000000
255.000000
254.000000
254.000000
253.000000
253.000000
253.000000
255.000000
255.000000
255.000000
254.000000
254.000000
252.000000
253.000000
253.000000
255.000000
255.000000
255.000000
255.000000
255.000000
255.000000
255.000000
255.000000
255.000000
255.000000
254.000000
253.000000
252.000000
254.000000
254.000000
252.000000
250.000000
252.000000
254.000000
254.000000
253.000000
253.000000
253.000000
252.000000
253.000000
253.000000
254.000000
254.000000
253.000000
248.000000
248.000000
250.000000
255.000000
255.000000
255.000000
255.000000
255.000000
255.000000
255.000000
255.000000
255.000000
255.000000
255.000000
254.000000
253.000000
251.000000
252.000000
253.000000
255.000000
255.000000
254.000000
254.000000
254.000000
254.000000
254.000000
253.000000
253.000000
253.000000
255.000000
255.000000
254.000000
249.000000
248.000000
252.000000
