255.000000
255.000000
255.000000
255.000000
255.000000
255.000000
255.000000
255.000000
255.000000
255.000000
255.000000
255.000000
255.000000
255.000000
255.000000
255.000000
255.000000
255.000000
255.000000
255.000000
255.000000
255.000000
255.000000
255.000000
255.000000
255.000000
255.000000
255.000000
255.000000
255.000000
255.000000
255.000000
255.000000
255.000000
255.000000
255.000000
255.000000
255.000000
255.000000
255.000000
255.000000
255.000000
255.000000
255.000000
255.000000
255.000000
255.000000
255.000000
255.000000
255.000000
255.000000
254.000000
255.000000
255.000000
255.000000
255.000000
255.000000
255.000000
255.000000
255.000000
255.000000
255.000000
255.000000
255.000000
255.000000
255.000000
255.000000
255.000000
255.000000
255.000000
255.000000
255.000000
255.000000
255.000000
255.000000
255.000000
255.000000
255.000000
255.000000
255.000000
255.000000
255.000000
254.000000
255.000000
255.000000
255.000000
255.000000
255.000000
254.000000
255.000000
255.000000
255.000000
255.000000
254.000000
255.000000
255.000000
255.000000
255.000000
207.000000
125.000000
126.000000
165.000000
224.000000
255.000000
255.000000
255.000000
255.000000
255.000000
255.000000
255.000000
255.000000
255.000000
255.000000
255.000000
255.000000
255.000000
255.000000
254.000000
255.000000
255.000000
255.000000
255.000000
254.000000
255.000000
255.000000
255.000000
255.000000
255.000000
255.000000
255.000000
143.000000
12.000000
12.000000
48.000000
107.000000
198.000000
255.000000
255.000000
255.000000
255.000000
255.000000
255.000000
255.000000
255.000000
255.000000
255.000000
255.000000
255.000000
254.000000
255.000000
255.000000
254.000000
254.000000
255.000000
255.000000
255.000000
244.000000
255.000000
255.000000
255.000000
255.000000
255.000000
112.000000
0.000000
0.000000
0.000000
12.000000
83.000000
212.000000
255.000000
255.000000
255.000000
255.000000
255.000000
255.000000
255.000000
255.000000
255.000000
255.000000
255.000000
254.000000
255.000000
255.000000
255.000000
255.000000
255.000000
255.000000
184.000000
166.000000
255.000000
255.000000
255.000000
255.000000
255.000000
95.000000
0.000000
0.000000
0.000000
0.000000
8.000000
115.000000
235.000000
255.000000
255.000000
255.000000
255.000000
255.000000
255.000000
255.000000
255.000000
255.000000
255.000000
255.000000
255.000000
255.000000
255.000000
255.000000
255.000000
194.000000
57.000000
94.000000
255.000000
255.000000
255.000000
255.000000
255.000000
85.000000
0.000000
0.000000
0.000000
0.000000
0.000000
30.000000
179.000000
254.000000
255.000000
255.000000
255.000000
255.000000
255.000000
255.000000
255.000000
255.000000
255.000000
255.000000
255.000000
255.000000
255.000000
255.000000
205.000000
65.000000
0.000000
107.000000
255.000000
255.000000
255.000000
255.000000
255.000000
92.000000
0.000000
0.000000
0.000000
0.000000
0.000000
0.000000
111.000000
242.000000
255.000000
255.000000
255.000000
255.000000
255.000000
255.000000
255.000000
255.000000
255.000000
254.000000
255.000000
255.000000
255.000000
207.000000
81.000000
0.000000
2.000000
160.000000
255.000000
255.000000
255.000000
255.000000
255.000000
110.000000
0.000000
0.000000
0.000000
0.000000
0.000000
0.000000
53.000000
217.000000
255.000000
255.000000
255.000000
255.000000
255.000000
255.000000
255.000000
255.000000
255.000000
254.000000
255.000000
255.000000
211.000000
87.000000
3.000000
0.000000
21.000000
207.000000
255.000000
255.000000
255.000000
255.000000
255.000000
128.000000
0.000000
0.000000
0.000000
0.000000
0.000000
0.000000
17.000000
184.000000
255.000000
255.000000
255.000000
255.000000
255.000000
255.000000
255.000000
255.000000
255.000000
255.000000
255.000000
217.000000
98.000000
6.000000
0.000000
0.000000
60.000000
240.000000
255.000000
255.000000
255.000000
255.000000
255.000000
155.000000
1.000000
0.000000
0.000000
0.000000
0.000000
0.000000
3.000000
135.000000
252.000000
255.000000
255.000000
255.000000
255.000000
255.000000
255.000000
255.000000
255.000000
255.000000
219.000000
110.000000
12.000000
0.000000
0.000000
0.000000
122.000000
253.000000
255.000000
255.000000
255.000000
255.000000
255.000000
196.000000
18.000000
0.000000
0.000000
0.000000
0.000000
0.000000
0.000000
78.000000
239.000000
255.000000
255.000000
255.000000
255.000000
255.000000
255.000000
255.000000
255.000000
224.000000
114.000000
17.000000
0.000000
0.000000
0.000000
12.000000
189.000000
255.000000
255.000000
255.000000
255.000000
255.000000
255.000000
237.000000
48.000000
0.000000
0.000000
0.000000
0.000000
0.000000
0.000000
35.000000
209.000000
255.000000
255.000000
254.000000
255.000000
255.000000
255.000000
255.000000
234.000000
127.000000
15.000000
0.000000
0.000000
0.000000
0.000000
67.000000
239.000000
255.000000
255.000000
255.000000
255.000000
255.000000
255.000000
255.000000
81.000000
0.000000
0.000000
0.000000
0.000000
0.000000
0.000000
12.000000
162.000000
255.000000
255.000000
254.000000
254.000000
255.000000
255.000000
233.000000
141.000000
23.000000
0.000000
0.000000
0.000000
0.000000
2.000000
155.000000
255.000000
255.000000
255.000000
255.000000
255.000000
255.000000
255.000000
255.000000
123.000000
0.000000
0.000000
0.000000
0.000000
1.000000
0.000000
0.000000
118.000000
255.000000
255.000000
255.000000
255.000000
255.000000
229.000000
139.000000
31.000000
0.000000
0.000000
1.000000
0.000000
0.000000
55.000000
230.000000
255.000000
255.000000
255.000000
255.000000
255.000000
255.000000
255.000000
255.000000
171.000000
11.000000
0.000000
0.000000
1.000000
0.000000
0.000000
0.000000
80.000000
243.000000
255.000000
255.000000
255.000000
223.000000
132.000000
29.000000
0.000000
0.000000
1.000000
0.000000
0.000000
1.000000
155.000000
255.000000
255.000000
255.000000
254.000000
255.000000
255.000000
255.000000
255.000000
255.000000
226.000000
34.000000
0.000000
0.000000
0.000000
0.000000
0.000000
0.000000
40.000000
189.000000
242.000000
234.000000
204.000000
112.000000
13.000000
0.000000
0.000000
1.000000
0.000000
0.000000
0.000000
69.000000
238.000000
255.000000
255.000000
255.000000
254.000000
255.000000
255.000000
255.000000
255.000000
255.000000
254.000000
64.000000
0.000000
0.000000
0.000000
0.000000
0.000000
0.000000
4.000000
72.000000
135.000000
103.000000
43.000000
11.000000
0.000000
0.000000
1.000000
0.000000
0.000000
0.000000
22.000000
170.000000
255.000000
255.000000
254.000000
255.000000
255.000000
255.000000
255.000000
255.000000
255.000000
255.000000
255.000000
130.000000
4.000000
0.000000
0.000000
0.000000
0.000000
0.000000
0.000000
4.000000
19.000000
8.000000
0.000000
0.000000
0.000000
0.000000
0.000000
0.000000
0.000000
6.000000
115.000000
246.000000
255.000000
255.000000
255.000000
255.000000
255.000000
255.000000
255.000000
255.000000
255.000000
255.000000
255.000000
209.000000
26.000000
0.000000
0.000000
0.000000
0.000000
0.000000
0.000000
0.000000
0.000000
0.000000
0.000000
0.000000
0.000000
0.000000
0.000000
0.000000
0.000000
62.000000
221.000000
255.000000
255.000000
255.000000
255.000000
255.000000
255.000000
255.000000
255.000000
255.000000
255.000000
255.000000
255.000000
251.000000
118.000000
0.000000
0.000000
0.000000
1.000000
0.000000
0.000000
0.000000
1.000000
0.000000
0.000000
0.000000
0.000000
0.000000
0.000000
0.000000
55.000000
199.000000
255.000000
255.000000
255.000000
255.000000
255.000000
255.000000
255.000000
255.000000
255.000000
255.000000
255.000000
255.000000
255.000000
255.000000
228.000000
55.000000
0.000000
0.000000
0.000000
0.000000
1.000000
0.000000
0.000000
0.000000
0.000000
0.000000
1.000000
0.000000
0.000000
48.000000
192.000000
255.000000
255.000000
255.000000
255.000000
255.000000
255.000000
255.000000
255.000000
255.000000
255.000000
255.000000
255.000000
255.000000
255.000000
255.000000
255.000000
190.000000
48.000000
0.000000
0.000000
0.000000
1.000000
0.000000
0.000000
0.000000
1.000000
0.000000
0.000000
0.000000
61.000000
183.000000
255.000000
255.000000
254.000000
255.000000
255.000000
255.000000
255.000000
255.000000
255.000000
255.000000
255.000000
255.000000
255.000000
255.000000
255.000000
255.000000
255.000000
255.000000
182.000000
67.000000
2.000000
0.000000
0.000000
0.000000
0.000000
0.000000
0.000000
0.000000
22.000000
92.000000
200.000000
255.000000
255.000000
255.000000
254.000000
255.000000
255.000000
255.000000
255.000000
255.000000
255.000000
255.000000
255.000000
255.000000
255.000000
255.000000
255.000000
255.000000
255.000000
255.000000
255.000000
207.000000
118.000000
61.000000
25.000000
8.000000
8.000000
16.000000
41.000000
80.000000
147.000000
224.000000
255.000000
255.000000
255.000000
255.000000
255.000000
255.000000
255.000000
255.000000
255.000000
255.000000
255.000000
255.000000
255.000000
255.000000
255.000000
255.000000
255.000000
255.000000
255.000000
255.000000
255.000000
255.000000
252.000000
202.000000
143.000000
115.000000
115.000000
129.000000
170.000000
228.000000
255.000000
255.000000
255.000000
255.000000
255.000000
255.000000
255.000000
255.000000
255.000000
255.000000
255.000000
255.000000
255.000000
255.000000
255.000000
255.000000
255.000000
255.000000
255.000000
254.000000
255.000000
254.000000
255.000000
255.000000
255.000000
252.000000
246.000000
244.000000
244.000000
246.000000
249.000000
254.000000
255.000000
255.000000
255.000000
255.000000
255.000000
255.000000
255.000000
254.000000
255.000000
255.000000
255.000000
255.000000
255.000000
255.000000
255.000000
255.000000
255.000000
255.000000
255.000000
255.000000
255.000000
255.000000
255.000000
255.000000
255.000000
255.000000
255.000000
255.000000
255.000000
255.000000
255.000000
255.000000
255.000000
255.000000
255.000000
255.000000
255.000000
255.000000
255.000000
255.000000
255.000000
255.000000
255.000000
255.000000
255.000000
255.000000
255.000000
255.000000
255.000000
255.000000
255.000000
255.000000
255.000000
255.000000
255.000000
255.000000
255.000000
255.000000
255.000000
255.000000
255.000000
255.000000
255.000000
255.000000
255.000000
255.000000
255.000000
255.000000
255.000000
255.000000
255.000000
255.000000
255.000000
255.000000
255.000000
255.000000
255.000000
255.000000
255.000000
255.000000
255.000000
255.000000
255.000000
255.000000
255.000000
255.000000
255.000000
255.000000
255.000000
255.000000
255.000000
255.000000
255.000000
255.000000
255.000000
255.000000
255.000000
255.000000
255.000000
255.000000
255.000000
255.000000
255.000000
255.000000
255.000000
255.000000
255.000000
255.000000
255.000000
255.000000
255.000000
255.000000
255.000000
255.000000
255.000000
255.000000
255.000000
255.000000
255.000000
255.000000
255.000000
255.000000
255.000000
255.000000
255.000000
255.000000
255.000000
255.000000
255.000000
255.000000
255.000000
255.000000
255.000000
255.000000
255.000000
255.000000
255.000000
255.000000
255.000000
255.000000
255.000000
255.000000
255.000000
